-740.0
-695.0
-785.0
-839.0
-776.0
-857.0
-722.0
-713.0
-695.0
-650.0
-830.0
-776.0
-812.0
-767.0
-704.0
-839.0
-785.0
-884.0
-893.0
-758.0
-893.0
-749.0
-722.0
-884.0
-902.0
-776.0
-713.0
-848.0
-830.0
-812.0
-722.0
-749.0
-758.0
-713.0
-677.0
-659.0
-749.0
-740.0
-758.0
-812.0
-830.0
-704.0
-538.0
-695.0
-830.0
-821.0
-713.0
-704.0
-722.0
-686.0
-821.0
-704.0
-668.0
-704.0
-731.0
-821.0
-632.0
-659.0
-704.0
-722.0
-569.0
-605.0
-677.0
-776.0
-659.0
-627.0
-695.0
-686.0
-248.0
-731.0
-641.0
-614.0
-659.0
-704.0
-767.0
-749.0
-659.0
-731.0
-659.0
-605.0
-848.0
-614.0
-713.0
-740.0
-695.0
-704.0
-659.0
-641.0
-659.0
-632.0
-722.0
-749.0
-632.0
-686.0
-776.0
-722.0
-749.0
-731.0
-650.0
-668.0
-713.0
-632.0
-668.0
-767.0
-587.0
-605.0
-569.0
-785.0
-578.0
-713.0
-695.0
-695.0
-641.0
-623.0
-614.0
-659.0
-569.0
-650.0
-695.0
-632.0
-605.0
-686.0
-641.0
-632.0
-650.0
-704.0
-713.0
-578.0
-758.0
-677.0
-641.0
-569.0
-614.0
-587.0
-668.0
-722.0
-623.0
-488.0
-659.0
-605.0
-578.0
-614.0
-668.0
-587.0
-704.0
-24.0
-650.0
-596.0
-776.0
-704.0
-614.0
-749.0
-623.0
-533.0
-659.0
-641.0
-740.0
-578.0
-659.0
-542.0
-524.0
-614.0
-650.0
-677.0
-632.0
-542.0
-668.0
-569.0
-587.0
-587.0
-596.0
-614.0
-614.0
-551.0
-524.0
-623.0
-605.0
-695.0
-641.0
-578.0
-614.0
-623.0
-632.0
-551.0
-623.0
-668.0
-525.0
-632.0
-632.0
-560.0
-578.0
-461.0
-515.0
-623.0
-614.0
-668.0
-587.0
-596.0
-578.0
-542.0
-578.0
-668.0
-569.0
-650.0
-524.0
-668.0
-650.0
-623.0
-632.0
-587.0
-587.0
-614.0
-650.0
-524.0
-542.0
-542.0
-506.0
-461.0
-569.0
-677.0
-479.0
-614.0
-605.0
-524.0
-650.0
-506.0
-542.0
-605.0
-596.0
-497.0
-578.0
-479.0
-614.0
-542.0
-587.0
-560.0
-551.0
-578.0
-125.0
-470.0
-533.0
-542.0
-578.0
-456.0
-515.0
-443.0
-551.0
-260.0
-632.0
-506.0
-587.0
-542.0
-515.0
-569.0
-273.0
-551.0
-524.0
-506.0
-533.0
-533.0
-470.0
-524.0
-497.0
-578.0
-533.0
-659.0
-488.0
-605.0
-488.0
-641.0
-497.0
-533.0
-614.0
-542.0
-533.0
-659.0
-596.0
-497.0
-479.0
-596.0
-551.0
-578.0
-551.0
-488.0
-497.0
-560.0
-488.0
-515.0
-551.0
-407.0
-497.0
-533.0
-551.0
-425.0
-569.0
-551.0
-488.0
-380.0
-551.0
-452.0
-542.0
-533.0
-596.0
-488.0
-515.0
-542.0
-470.0
-569.0
-425.0
-515.0
-551.0
-443.0
-533.0
-452.0
-132.0
-452.0
-506.0
-524.0
-533.0
-470.0
-488.0
-560.0
-195.0
-587.0
-479.0
-551.0
-150.0
-542.0
-515.0
-506.0
-425.0
-326.0
-308.0
-569.0
-497.0
-533.0
-488.0
-416.0
-461.0
-542.0
-470.0
-398.0
-443.0
-470.0
-569.0
-398.0
-497.0
-398.0
-96.0
-398.0
-488.0
-443.0
-542.0
-452.0
-542.0
-524.0
-407.0
-461.0
-479.0
-515.0
-340.0
-416.0
-344.0
-371.0
-497.0
-7.0
-533.0
-225.0
-515.0
-461.0
-479.0
-317.0
-425.0
-344.0
-452.0
-452.0
-434.0
-362.0
-551.0
-244.0
-299.0
-425.0
-344.0
-398.0
-389.0
-551.0
-542.0
-407.0
-443.0
-461.0
-452.0
-353.0
-398.0
-443.0
-416.0
-389.0
-362.0
-434.0
-344.0
-427.0
-425.0
-344.0
-326.0
-171.0
-300.0
-371.0
-479.0
-380.0
-239.0
-434.0
-452.0
-362.0
-443.0
-335.0
-434.0
-416.0
-452.0
-425.0
-407.0
-371.0
-353.0
-407.0
-371.0
-389.0
-251.0
-461.0
-470.0
-252.0
-317.0
-497.0
-407.0
-85.0
-461.0
-425.0
-470.0
-452.0
-434.0
-425.0
-371.0
-488.0
-461.0
-380.0
-92.0
-470.0
-479.0
-434.0
-96.0
-340.0
-398.0
-533.0
-452.0
-452.0
-416.0
-434.0
-416.0
-362.0
-461.0
-398.0
-443.0
-389.0
-479.0
-452.0
-425.0
-380.0
-479.0
-362.0
-470.0
-389.0
-425.0
-380.0
-342.0
-479.0
-434.0
-452.0
-362.0
-380.0
-515.0
-461.0
-389.0
-425.0
-497.0
-425.0
-425.0
-488.0
-425.0
-434.0
-425.0
-470.0
-362.0
-416.0
-353.0
-389.0
-398.0
-461.0
-461.0
-452.0
-461.0
-452.0
-344.0
-362.0
-434.0
-371.0
-452.0
-398.0
-452.0
-371.0
-407.0
-425.0
-407.0
-353.0
-389.0
-434.0
-407.0
-389.0
-452.0
-425.0
-213.0
-245.0
-335.0
-353.0
-380.0
-416.0
-398.0
-425.0
-357.0
-362.0
-407.0
-389.0
-434.0
-434.0
-398.0
-434.0
-335.0
-452.0
-407.0
-353.0
-434.0
-48.0
-153.0
-362.0
-425.0
-254.0
-337.0
-390.0
-380.0
-353.0
-308.0
-278.0
-389.0
-326.0
-335.0
-443.0
-398.0
-362.0
-389.0
-398.0
-353.0
-353.0
4.0
-67.0
-88.0
-163.0
-317.0
-244.0
-389.0
-389.0
-14.0
-452.0
-344.0
-407.0
-353.0
-416.0
-443.0
-353.0
-389.0
-380.0
-425.0
-120.0
-353.0
-5.0
-416.0
-13.0
1.0
-389.0
-33.0
-371.0
-398.0
-398.0
-398.0
-398.0
-470.0
-36.0
4.0
-353.0
-11.0
-180.0
-246.0
-443.0
-134.0
-8.0
-344.0
-1.0
-389.0
-398.0
-371.0
-308.0
-371.0
-48.0
-371.0
-416.0
-46.0
-353.0
-65.0
-155.0
-389.0
-371.0
-105.0
-434.0
2.0
-20.0
12.0
-49.0
-15.0
-380.0
-416.0
-362.0
-317.0
-76.0
-6.0
-290.0
-204.0
-211.0
-380.0
-380.0
-170.0
-29.0
-32.0
-194.0
-290.0
-326.0
-215.0
-308.0
-15.0
-94.0
-249.0
-219.0
-8.0
-35.0
-73.0
-105.0
-299.0
-236.0
-308.0
-63.0
15.0
-153.0
-308.0
-71.0
-308.0
-40.0
2.0
-185.0
-317.0
-8.0
-64.0
-249.0
-42.0
-5.0
4.0
6.0
1.0
-425.0
-9.0
-7.0
-326.0
-8.0
-11.0
1.0
-2.0
-13.0
-15.0
-96.0
-64.0
3.0
-371.0
-30.0
-64.0
-344.0
-28.0
-61.0
0.0
-272.0
-10.0
-56.0
-299.0
-317.0
-416.0
-272.0
-317.0
-319.0
-22.0
-195.0
-3.0
6.0
-272.0
8.0
-3.0
-326.0
-353.0
-317.0
-27.0
-389.0
-32.0
-254.0
-299.0
-5.0
-353.0
-326.0
-28.0
-335.0
-290.0
-21.0
-290.0
-254.0
-380.0
-28.0
-14.0
-344.0
-398.0
11.0
-317.0
-10.0
-362.0
4.0
-164.0
-290.0
-67.0
-335.0
-353.0
-317.0
-416.0
-344.0
-4.0
-326.0
-18.0
-6.0
-344.0
-78.0
-42.0
-1.0
2.0
3.0
-296.0
-308.0
-317.0
-127.0
-299.0
2.0
-335.0
-290.0
-299.0
-158.0
-16.0
-344.0
-335.0
0.0
-40.0
-317.0
-344.0
-7.0
-177.0
12.0
-15.0
-335.0
2.0
-138.0
-67.0
-120.0
-219.0
-326.0
-8.0
-326.0
-16.0
1.0
-290.0
6.0
4.0
1.0
-147.0
-16.0
-114.0
-188.0
5.0
4.0
-32.0
11.0
10.0
-49.0
-272.0
-100.0
1.0
11.0
-326.0
-317.0
-362.0
-36.0
-371.0
-263.0
-2.0
-137.0
-14.0
-326.0
3.0
10.0
-53.0
-353.0
-43.0
-4.0
-281.0
-17.0
4.0
-1.0
-63.0
10.0
-3.0
-317.0
-46.0
-281.0
3.0
9.0
-308.0
-203.0
-253.0
-102.0
-299.0
-317.0
-104.0
-244.0
-56.0
-110.0
0.0
5.0
-16.0
-52.0
-13.0
7.0
-1.0
-281.0
-41.0
2.0
-51.0
-308.0
-189.0
9.0
-149.0
-281.0
-53.0
-123.0
-44.0
-28.0
-54.0
-290.0
-290.0
-4.0
-14.0
-17.0
-18.0
0.0
-272.0
-93.0
-149.0
-202.0
-299.0
-317.0
-65.0
-6.0
-34.0
-10.0
-9.0
-104.0
-114.0
-7.0
-2.0
-36.0
-212.0
-25.0
-7.0
-47.0
-16.0
-122.0
-6.0
-1.0
-13.0
-309.0
-344.0
-2.0
-26.0
-46.0
-74.0
-12.0
-5.0
-50.0
-10.0
-19.0
-35.0
-242.0
-71.0
-26.0
10.0
-164.0
-1.0
-80.0
-4.0
12.0
-168.0
6.0
-241.0
-14.0
-64.0
-74.0
-25.0
-11.0
2.0
-6.0
-2.0
-4.0
0.0
-308.0
9.0
-53.0
-335.0
-41.0
-165.0
-114.0
8.0
-13.0
-206.0
-18.0
-98.0
-198.0
-81.0
-8.0
2.0
-11.0
-1.0
-98.0
-50.0
-20.0
-12.0
5.0
2.0
-49.0
-245.0
13.0
-45.0
12.0
-1.0
-84.0
-263.0
-20.0
-85.0
-32.0
-65.0
-228.0
-308.0
-2.0
9.0
-25.0
-244.0
2.0
11.0
-7.0
-21.0
7.0
-30.0
-7.0
-6.0
7.0
14.0
-151.0
-141.0
-15.0
6.0
-12.0
-26.0
4.0
8.0
-38.0
10.0
8.0
-218.0
1.0
-6.0
6.0
11.0
-41.0
8.0
-290.0
-16.0
-59.0
11.0
9.0
-263.0
-13.0
-49.0
-7.0
-5.0
5.0
-12.0
-8.0
4.0
13.0
-14.0
9.0
9.0
-7.0
-53.0
-138.0
-3.0
7.0
13.0
-11.0
3.0
2.0
8.0
10.0
9.0
14.0
7.0
9.0
6.0
9.0
-35.0
-5.0
7.0
14.0
-7.0
-5.0
8.0
-4.0
-8.0
6.0
-8.0
9.0
-245.0
-4.0
-8.0
-6.0
9.0
-6.0
-1.0
-190.0
-3.0
-12.0
7.0
-26.0
-1.0
-84.0
-32.0
-95.0
-5.0
6.0
15.0
-7.0
12.0
10.0
-4.0
-1.0
13.0
-68.0
3.0
-6.0
7.0
-13.0
-3.0
-4.0
-14.0
-135.0
12.0
-46.0
-2.0
3.0
-6.0
-35.0
10.0
-19.0
6.0
-2.0
2.0
-146.0
-3.0
-60.0
-5.0
-1.0
-72.0
7.0
-35.0
0.0
-1.0
-23.0
-4.0
-8.0
-50.0
6.0
5.0
-21.0
11.0
7.0
7.0
-26.0
-11.0
-95.0
-5.0
5.0
0.0
-16.0
13.0
10.0
-1.0
-4.0
1.0
-10.0
4.0
3.0
-8.0
8.0
6.0
-103.0
11.0
12.0
12.0
0.0
13.0
7.0
-13.0
-17.0
6.0
-1.0
7.0
8.0
12.0
4.0
11.0
2.0
9.0
5.0
-4.0
8.0
11.0
7.0
8.0
-9.0
8.0
-2.0
7.0
-5.0
5.0
7.0
-13.0
-1.0
-58.0
8.0
12.0
-3.0
5.0
-22.0
7.0
-2.0
10.0
-151.0
12.0
8.0
8.0
11.0
10.0
13.0
-5.0
-26.0
-6.0
-14.0
6.0
11.0
11.0
-9.0
7.0
-6.0
10.0
0.0
7.0
4.0
3.0
12.0
9.0
6.0
-10.0
-18.0
2.0
4.0
3.0
8.0
6.0
2.0
-2.0
10.0
7.0
5.0
10.0
12.0
0.0
8.0
9.0
7.0
11.0
11.0
9.0
7.0
-25.0
1.0
6.0
8.0
-10.0
-11.0
10.0
-19.0
10.0
6.0
10.0
5.0
-2.0
6.0
-7.0
2.0
6.0
8.0
5.0
-152.0
-3.0
-6.0
-26.0
11.0
11.0
-8.0
11.0
-4.0
5.0
11.0
-1.0
-2.0
10.0
8.0
7.0
13.0
1.0
-2.0
6.0
8.0
-4.0
11.0
-2.0
-5.0
5.0
-12.0
9.0
7.0
9.0
-1.0
6.0
-4.0
5.0
-4.0
8.0
7.0
3.0
13.0
-18.0
10.0
-5.0
6.0
-9.0
7.0
10.0
3.0
11.0
9.0
12.0
-7.0
10.0
10.0
13.0
5.0
-3.0
-1.0
7.0
8.0
3.0
7.0
-15.0
0.0
7.0
-82.0
6.0
-121.0
13.0
5.0
10.0
-5.0
8.0
5.0
9.0
-2.0
5.0
2.0
3.0
10.0
3.0
0.0
7.0
14.0
9.0
10.0
5.0
8.0
-5.0
-8.0
-11.0
-14.0
9.0
10.0
7.0
5.0
-8.0
-4.0
13.0
-1.0
2.0
3.0
-11.0
-4.0
3.0
-3.0
-5.0
7.0
-59.0
11.0
-1.0
-3.0
10.0
-21.0
11.0
7.0
5.0
13.0
8.0
-4.0
7.0
8.0
5.0
-26.0
5.0
7.0
10.0
11.0
-9.0
7.0
7.0
5.0
6.0
7.0
5.0
4.0
9.0
12.0
4.0
1.0
-44.0
6.0
-20.0
7.0
-4.0
9.0
8.0
-12.0
11.0
11.0
9.0
3.0
-6.0
4.0
6.0
0.0
5.0
3.0
8.0
-25.0
-3.0
4.0
-1.0
2.0
3.0
-21.0
8.0
5.0
12.0
8.0
-2.0
7.0
9.0
0.0
5.0
10.0
13.0
6.0
5.0
2.0
9.0
9.0
5.0
5.0
6.0
0.0
4.0
9.0
4.0
4.0
12.0
7.0
6.0
10.0
6.0
6.0
11.0
-6.0
-18.0
4.0
1.0
6.0
4.0
10.0
10.0
8.0
-8.0
-1.0
10.0
8.0
9.0
7.0
8.0
5.0
3.0
5.0
9.0
5.0
8.0
5.0
5.0
12.0
6.0
7.0
9.0
8.0
8.0
9.0
-3.0
4.0
6.0
10.0
5.0
5.0
10.0
4.0
-3.0
11.0
6.0
7.0
6.0
8.0
11.0
9.0
-19.0
8.0
-8.0
7.0
-5.0
9.0
0.0
7.0
-7.0
3.0
13.0
11.0
0.0
13.0
5.0
7.0
1.0
-76.0
4.0
0.0
5.0
-6.0
12.0
11.0
-6.0
7.0
10.0
5.0
5.0
-5.0
9.0
11.0
-2.0
7.0
4.0
9.0
7.0
7.0
6.0
7.0
11.0
6.0
-3.0
10.0
4.0
4.0
3.0
-2.0
10.0
9.0
8.0
11.0
6.0
5.0
1.0
12.0
7.0
4.0
10.0
-2.0
5.0
-4.0
9.0
10.0
-4.0
11.0
3.0
4.0
8.0
8.0
6.0
8.0
12.0
7.0
9.0
-5.0
3.0
8.0
13.0
-5.0
11.0
8.0
7.0
7.0
9.0
7.0
8.0
-6.0
7.0
8.0
4.0
7.0
0.0
11.0
-3.0
10.0
7.0
12.0
10.0
-5.0
11.0
5.0
4.0
12.0
-2.0
8.0
5.0
5.0
9.0
8.0
-5.0
4.0
-5.0
5.0
2.0
6.0
5.0
5.0
7.0
4.0
9.0
9.0
0.0
12.0
3.0
10.0
2.0
6.0
6.0
5.0
4.0
9.0
14.0
-4.0
4.0
7.0
5.0
7.0
4.0
4.0
7.0
10.0
10.0
6.0
12.0
5.0
5.0
13.0
7.0
13.0
-4.0
10.0
5.0
10.0
13.0
7.0
8.0
10.0
6.0
8.0
5.0
10.0
9.0
11.0
6.0
9.0
5.0
-2.0
6.0
8.0
6.0
5.0
-6.0
13.0
8.0
7.0
9.0
8.0
0.0
11.0
7.0
8.0
7.0
3.0
4.0
7.0
7.0
-2.0
-16.0
10.0
3.0
11.0
-2.0
5.0
1.0
8.0
6.0
7.0
10.0
8.0
7.0
6.0
9.0
4.0
12.0
8.0
6.0
10.0
9.0
6.0
10.0
6.0
10.0
10.0
8.0
-5.0
9.0
12.0
3.0
13.0
5.0
7.0
12.0
10.0
-4.0
10.0
12.0
6.0
4.0
9.0
-39.0
12.0
4.0
11.0
6.0
-13.0
6.0
5.0
9.0
2.0
8.0
11.0
8.0
8.0
4.0
8.0
12.0
5.0
8.0
7.0
3.0
9.0
8.0
6.0
3.0
8.0
6.0
5.0
4.0
4.0
-85.0
-6.0
8.0
11.0
12.0
12.0
11.0
-51.0
10.0
8.0
11.0
11.0
-17.0
9.0
7.0
9.0
11.0
8.0
5.0
13.0
3.0
5.0
8.0
12.0
6.0
5.0
14.0
9.0
8.0
13.0
-218.0
4.0
-227.0
10.0
8.0
1.0
8.0
11.0
9.0
6.0
10.0
12.0
10.0
4.0
-2.0
11.0
9.0
6.0
-1.0
3.0
9.0
5.0
6.0
10.0
14.0
-10.0
5.0
10.0
-1.0
1.0
11.0
5.0
6.0
3.0
5.0
7.0
9.0
6.0
5.0
-4.0
11.0
11.0
8.0
7.0
9.0
7.0
-12.0
8.0
6.0
8.0
10.0
8.0
3.0
12.0
8.0
4.0
6.0
10.0
6.0
-2.0
9.0
9.0
10.0
7.0
13.0
4.0
10.0
6.0
12.0
1.0
8.0
10.0
9.0
14.0
7.0
6.0
10.0
5.0
5.0
9.0
4.0
5.0
5.0
8.0
7.0
6.0
6.0
10.0
10.0
6.0
7.0
15.0
11.0
-14.0
8.0
4.0
8.0
11.0
10.0
10.0
9.0
7.0
7.0
10.0
9.0
6.0
5.0
0.0
11.0
7.0
8.0
-2.0
11.0
8.0
3.0
4.0
9.0
9.0
5.0
8.0
2.0
-4.0
11.0
3.0
10.0
4.0
5.0
6.0
11.0
6.0
9.0
7.0
8.0
6.0
13.0
0.0
9.0
10.0
10.0
8.0
7.0
6.0
7.0
7.0
8.0
2.0
7.0
11.0
-6.0
5.0
5.0
6.0
5.0
5.0
11.0
7.0
6.0
11.0
9.0
6.0
10.0
8.0
8.0
11.0
9.0
8.0
6.0
4.0
9.0
7.0
11.0
8.0
9.0
6.0
7.0
6.0
14.0
7.0
7.0
11.0
6.0
6.0
11.0
11.0
6.0
-2.0
11.0
-1.0
5.0
4.0
6.0
6.0
-5.0
10.0
14.0
4.0
7.0
5.0
9.0
4.0
7.0
8.0
4.0
8.0
8.0
4.0
4.0
6.0
15.0
-2.0
-4.0
9.0
7.0
6.0
6.0
7.0
6.0
8.0
10.0
3.0
8.0
11.0
11.0
7.0
7.0
5.0
9.0
9.0
3.0
-4.0
8.0
8.0
7.0
6.0
-2.0
8.0
8.0
10.0
10.0
4.0
7.0
8.0
12.0
6.0
8.0
8.0
10.0
14.0
7.0
7.0
8.0
6.0
4.0
9.0
5.0
5.0
9.0
9.0
5.0
9.0
8.0
10.0
5.0
7.0
6.0
-1.0
6.0
8.0
14.0
6.0
8.0
8.0
7.0
7.0
6.0
15.0
7.0
4.0
7.0
14.0
3.0
5.0
5.0
9.0
9.0
7.0
13.0
9.0
4.0
-2.0
12.0
9.0
11.0
8.0
12.0
5.0
8.0
-1.0
7.0
9.0
4.0
6.0
9.0
6.0
9.0
6.0
9.0
6.0
5.0
9.0
5.0
10.0
8.0
7.0
12.0
7.0
11.0
10.0
4.0
-3.0
-1.0
14.0
4.0
5.0
-4.0
4.0
12.0
10.0
9.0
4.0
6.0
9.0
10.0
-2.0
11.0
8.0
12.0
9.0
6.0
8.0
6.0
10.0
11.0
11.0
12.0
0.0
9.0
7.0
10.0
10.0
6.0
9.0
8.0
5.0
8.0
6.0
9.0
7.0
12.0
4.0
4.0
7.0
7.0
4.0
12.0
10.0
8.0
11.0
6.0
5.0
8.0
4.0
-4.0
7.0
8.0
12.0
1.0
11.0
12.0
4.0
5.0
4.0
6.0
-5.0
6.0
5.0
-2.0
11.0
7.0
6.0
7.0
6.0
4.0
8.0
6.0
11.0
9.0
10.0
4.0
10.0
7.0
9.0
8.0
6.0
5.0
7.0
13.0
9.0
6.0
7.0
8.0
9.0
8.0
3.0
7.0
11.0
6.0
7.0
15.0
8.0
7.0
9.0
12.0
8.0
7.0
9.0
9.0
7.0
9.0
8.0
7.0
9.0
-5.0
8.0
6.0
4.0
5.0
7.0
8.0
6.0
11.0
7.0
9.0
7.0
2.0
10.0
10.0
9.0
-2.0
6.0
13.0
8.0
5.0
7.0
8.0
5.0
8.0
7.0
3.0
13.0
6.0
6.0
7.0
7.0
9.0
3.0
9.0
8.0
5.0
10.0
5.0
8.0
8.0
11.0
10.0
7.0
8.0
9.0
6.0
-1.0
7.0
11.0
5.0
4.0
7.0
7.0
10.0
15.0
6.0
9.0
11.0
9.0
7.0
11.0
10.0
11.0
9.0
8.0
4.0
9.0
8.0
9.0
8.0
11.0
7.0
8.0
14.0
8.0
3.0
7.0
6.0
8.0
13.0
6.0
12.0
9.0
6.0
3.0
-4.0
6.0
11.0
4.0
9.0
11.0
10.0
0.0
8.0
6.0
6.0
11.0
11.0
6.0
5.0
6.0
9.0
8.0
7.0
9.0
8.0
-3.0
13.0
9.0
8.0
4.0
8.0
11.0
8.0
7.0
6.0
10.0
6.0
6.0
15.0
4.0
9.0
6.0
-7.0
10.0
6.0
7.0
11.0
3.0
8.0
3.0
8.0
4.0
9.0
8.0
6.0
7.0
5.0
10.0
9.0
7.0
7.0
9.0
4.0
5.0
8.0
10.0
10.0
12.0
8.0
12.0
14.0
8.0
1.0
11.0
6.0
7.0
-108.0
4.0
6.0
4.0
7.0
7.0
8.0
10.0
5.0
9.0
7.0
12.0
4.0
13.0
8.0
6.0
4.0
7.0
-4.0
8.0
7.0
5.0
9.0
9.0
11.0
9.0
7.0
8.0
10.0
8.0
11.0
6.0
6.0
7.0
4.0
4.0
9.0
4.0
5.0
5.0
10.0
9.0
14.0
10.0
7.0
7.0
3.0
8.0
7.0
7.0
6.0
7.0
8.0
4.0
12.0
8.0
0.0
-4.0
7.0
-8.0
7.0
8.0
12.0
8.0
8.0
3.0
8.0
-6.0
6.0
7.0
10.0
7.0
6.0
6.0
11.0
4.0
9.0
-9.0
4.0
4.0
6.0
3.0
8.0
9.0
6.0
11.0
8.0
8.0
9.0
9.0
-3.0
8.0
13.0
12.0
5.0
5.0
13.0
-7.0
6.0
8.0
9.0
9.0
3.0
11.0
1.0
11.0
7.0
11.0
7.0
7.0
9.0
5.0
11.0
6.0
7.0
6.0
14.0
2.0
4.0
3.0
7.0
9.0
11.0
3.0
7.0
9.0
8.0
11.0
12.0
5.0
10.0
6.0
13.0
-1.0
9.0
10.0
9.0
7.0
7.0
8.0
7.0
9.0
8.0
5.0
4.0
10.0
9.0
4.0
-5.0
5.0
10.0
14.0
8.0
8.0
14.0
5.0
8.0
5.0
9.0
6.0
6.0
10.0
8.0
9.0
9.0
3.0
7.0
4.0
7.0
8.0
9.0
5.0
8.0
12.0
5.0
10.0
10.0
7.0
7.0
6.0
12.0
7.0
5.0
6.0
6.0
6.0
10.0
5.0
9.0
-3.0
9.0
7.0
9.0
14.0
11.0
5.0
9.0
7.0
8.0
8.0
11.0
9.0
10.0
6.0
3.0
3.0
5.0
8.0
7.0
15.0
10.0
12.0
9.0
7.0
8.0
8.0
7.0
4.0
9.0
12.0
12.0
12.0
15.0
7.0
10.0
9.0
6.0
11.0
7.0
11.0
7.0
6.0
9.0
6.0
8.0
7.0
11.0
5.0
5.0
8.0
8.0
9.0
7.0
9.0
11.0
5.0
5.0
4.0
9.0
12.0
