-830.0
-929.0
-767.0
-776.0
-776.0
-776.0
-740.0
-830.0
-704.0
-776.0
-965.0
-704.0
-893.0
-749.0
-713.0
-893.0
-902.0
-884.0
-785.0
-830.0
-785.0
-884.0
-920.0
-812.0
-857.0
-866.0
-1010.0
-749.0
-794.0
-740.0
-875.0
-911.0
-767.0
-983.0
-812.0
-965.0
-911.0
-749.0
-803.0
-731.0
-659.0
-740.0
-767.0
-803.0
-722.0
-680.0
-650.0
-713.0
-821.0
-758.0
-677.0
-695.0
-767.0
-704.0
-758.0
-722.0
-605.0
-785.0
-668.0
-650.0
-713.0
-623.0
-830.0
-497.0
-713.0
-776.0
-424.0
-632.0
-605.0
-605.0
-650.0
-704.0
-578.0
-749.0
-677.0
-812.0
-803.0
-713.0
-740.0
-731.0
-704.0
-695.0
-695.0
-614.0
-659.0
-713.0
-686.0
-686.0
-830.0
-713.0
-335.0
-713.0
-632.0
-749.0
-731.0
-614.0
-650.0
-659.0
-794.0
-632.0
-641.0
-758.0
-785.0
-713.0
-605.0
-686.0
-695.0
-659.0
-713.0
-659.0
-578.0
-596.0
-587.0
-650.0
-713.0
-722.0
-569.0
-695.0
-614.0
-776.0
-560.0
-551.0
-614.0
-632.0
-273.0
-695.0
-632.0
-542.0
-605.0
-560.0
-659.0
-677.0
-749.0
-668.0
-713.0
-794.0
-722.0
-569.0
-695.0
-650.0
-686.0
-677.0
-596.0
-650.0
-587.0
-632.0
-605.0
-641.0
-668.0
-421.0
-506.0
-614.0
-623.0
-542.0
-731.0
-596.0
-614.0
-641.0
-560.0
-650.0
-650.0
-677.0
-614.0
-677.0
-641.0
-650.0
-587.0
-713.0
-605.0
-578.0
-677.0
-560.0
-659.0
-650.0
-587.0
-623.0
-569.0
-605.0
-614.0
-677.0
-569.0
-677.0
-542.0
-542.0
-605.0
-542.0
-650.0
-189.0
-686.0
-704.0
-515.0
-641.0
-569.0
-587.0
-614.0
-506.0
-650.0
-686.0
7.0
-560.0
-515.0
-542.0
-695.0
-650.0
-533.0
-560.0
-542.0
-551.0
-551.0
-560.0
-569.0
-578.0
-632.0
-542.0
-614.0
-578.0
-533.0
-524.0
-506.0
-587.0
-587.0
-596.0
-578.0
-596.0
-623.0
-632.0
-497.0
-524.0
-605.0
-479.0
-461.0
-569.0
-614.0
-551.0
-551.0
-578.0
-632.0
-479.0
-596.0
-515.0
-452.0
-623.0
-524.0
-641.0
-560.0
-356.0
-506.0
-506.0
-551.0
-569.0
-560.0
-605.0
-524.0
-542.0
-596.0
-524.0
-506.0
-569.0
-533.0
-542.0
-533.0
-569.0
-551.0
-596.0
-515.0
-560.0
-569.0
-524.0
-542.0
-587.0
-488.0
-596.0
-497.0
-515.0
-524.0
-452.0
-578.0
-462.0
-614.0
-488.0
-587.0
-443.0
-452.0
-434.0
-587.0
-497.0
-416.0
-479.0
-677.0
-524.0
-533.0
-330.0
-294.0
-433.0
-524.0
-587.0
-569.0
-479.0
-461.0
-569.0
-524.0
-479.0
-425.0
-506.0
-515.0
-515.0
-533.0
-497.0
-461.0
-488.0
-551.0
-434.0
-506.0
-542.0
-524.0
-488.0
-452.0
-434.0
-452.0
-542.0
-497.0
-533.0
-506.0
-443.0
-452.0
-434.0
-587.0
-542.0
-425.0
-407.0
-524.0
-380.0
-569.0
-515.0
-497.0
-452.0
-479.0
-533.0
-605.0
-515.0
-596.0
-389.0
-470.0
-443.0
-443.0
-497.0
-515.0
-470.0
-434.0
-488.0
-470.0
-452.0
-425.0
-479.0
-434.0
-425.0
-353.0
-524.0
-488.0
-515.0
-506.0
-479.0
-551.0
-416.0
-479.0
-479.0
-461.0
-434.0
-542.0
-407.0
-452.0
-515.0
-416.0
-515.0
-434.0
-497.0
-515.0
-479.0
-416.0
-452.0
-506.0
-470.0
-452.0
-452.0
-470.0
-425.0
-434.0
-452.0
-461.0
-461.0
-416.0
-470.0
-452.0
-461.0
-389.0
-326.0
-317.0
-452.0
-326.0
-452.0
-515.0
-479.0
-497.0
-470.0
-479.0
-74.0
-362.0
-443.0
-416.0
-326.0
-497.0
-371.0
-470.0
-569.0
-443.0
-488.0
-533.0
-407.0
-407.0
-425.0
-425.0
-443.0
-461.0
-443.0
-488.0
-398.0
-452.0
-380.0
-461.0
-317.0
-389.0
-434.0
-274.0
-479.0
-515.0
-416.0
-443.0
-506.0
-398.0
-344.0
-452.0
-416.0
-344.0
-317.0
-389.0
-380.0
-425.0
-344.0
-425.0
-317.0
-371.0
-416.0
-434.0
-452.0
-425.0
-461.0
-416.0
-326.0
-461.0
-425.0
-416.0
-542.0
-326.0
-335.0
-344.0
-452.0
-389.0
-389.0
-299.0
-506.0
-443.0
-326.0
-434.0
-407.0
-443.0
-371.0
-443.0
-470.0
-398.0
-414.0
-398.0
-425.0
-470.0
-470.0
-425.0
-425.0
-344.0
-380.0
-308.0
-416.0
-362.0
-416.0
-371.0
-416.0
-425.0
-398.0
-380.0
-434.0
-151.0
-182.0
-371.0
-317.0
-407.0
-380.0
-290.0
-425.0
-371.0
-461.0
-443.0
-434.0
-362.0
-398.0
-443.0
-425.0
-389.0
-380.0
-389.0
-470.0
-389.0
-202.0
-416.0
-416.0
-380.0
-389.0
-524.0
-407.0
-461.0
-362.0
-136.0
-371.0
-371.0
-371.0
-416.0
-362.0
-344.0
-380.0
-353.0
-407.0
-407.0
-443.0
-362.0
-252.0
-371.0
-213.0
-407.0
-308.0
-380.0
-389.0
-317.0
-407.0
-416.0
-416.0
-392.0
-488.0
-398.0
-407.0
-353.0
-371.0
-389.0
-443.0
-434.0
-380.0
-362.0
-362.0
-479.0
-425.0
-479.0
-362.0
-215.0
-533.0
-389.0
-389.0
-335.0
-353.0
-335.0
-353.0
-362.0
-353.0
-389.0
-452.0
-344.0
-371.0
-425.0
-407.0
-389.0
-380.0
-407.0
-452.0
-290.0
-344.0
-380.0
-371.0
-425.0
-308.0
-353.0
-434.0
-353.0
-344.0
-452.0
-84.0
-371.0
-434.0
-407.0
-335.0
-380.0
-398.0
-353.0
-407.0
-371.0
-398.0
-380.0
-353.0
-407.0
-335.0
-362.0
-452.0
-398.0
-344.0
-407.0
-344.0
-335.0
-326.0
-344.0
-344.0
-290.0
-317.0
-371.0
-50.0
-172.0
-335.0
-371.0
-425.0
-353.0
-344.0
-335.0
-290.0
-362.0
-263.0
-353.0
-125.0
-353.0
-80.0
-380.0
-389.0
-425.0
-389.0
-353.0
-362.0
-389.0
-389.0
-344.0
-353.0
-362.0
-362.0
-407.0
-398.0
-371.0
-227.0
-308.0
-335.0
-398.0
-308.0
-335.0
-362.0
-353.0
-254.0
-353.0
-326.0
-389.0
-281.0
-344.0
-398.0
-272.0
-308.0
-344.0
-299.0
-308.0
-398.0
-272.0
-290.0
-335.0
-272.0
-425.0
-335.0
-380.0
-317.0
-335.0
-353.0
-353.0
-317.0
-290.0
-308.0
-281.0
-380.0
-219.0
-362.0
-317.0
-389.0
-317.0
-362.0
-308.0
-326.0
-425.0
-371.0
-362.0
-281.0
-263.0
-317.0
-344.0
-344.0
-308.0
-344.0
-299.0
-308.0
-290.0
-156.0
-344.0
-407.0
-117.0
-281.0
-317.0
-353.0
-371.0
-272.0
-326.0
-380.0
-344.0
-344.0
-389.0
-293.0
-81.0
-87.0
-299.0
-362.0
14.0
-63.0
-353.0
-272.0
-353.0
-317.0
-308.0
-115.0
3.0
-335.0
-371.0
-290.0
-335.0
-263.0
-19.0
-362.0
-362.0
-380.0
-299.0
-257.0
1.0
-42.0
-29.0
-317.0
-144.0
-299.0
-299.0
-299.0
-290.0
-371.0
-41.0
-371.0
-371.0
-335.0
-335.0
-220.0
-308.0
-290.0
-335.0
-335.0
-317.0
-71.0
-317.0
-7.0
0.0
-308.0
-326.0
9.0
-284.0
-308.0
-308.0
-281.0
-335.0
9.0
-335.0
-308.0
-344.0
-1.0
-254.0
-335.0
-290.0
-290.0
-290.0
-335.0
-123.0
-362.0
10.0
-73.0
-299.0
-290.0
-263.0
-272.0
-272.0
-272.0
-308.0
-55.0
-380.0
6.0
-335.0
-245.0
-326.0
-308.0
-263.0
10.0
-335.0
-335.0
-281.0
-308.0
9.0
-14.0
-111.0
-9.0
2.0
-299.0
3.0
-299.0
-299.0
-335.0
-281.0
-308.0
-263.0
-317.0
0.0
4.0
-299.0
-263.0
1.0
-281.0
-29.0
-26.0
-272.0
-317.0
-299.0
-290.0
-1.0
6.0
-272.0
-362.0
-299.0
1.0
-299.0
-317.0
-344.0
-308.0
-39.0
-254.0
-335.0
-254.0
-299.0
-254.0
-281.0
-272.0
5.0
-3.0
-53.0
-335.0
-308.0
-79.0
-299.0
-317.0
-5.0
-44.0
-223.0
-9.0
-299.0
-299.0
-254.0
-272.0
-91.0
-335.0
-46.0
-54.0
-140.0
-149.0
-4.0
-299.0
-3.0
10.0
-236.0
-146.0
-326.0
-254.0
-254.0
-290.0
-263.0
-59.0
7.0
-254.0
-335.0
-172.0
-272.0
-45.0
-114.0
-281.0
-8.0
-229.0
-272.0
-28.0
-308.0
-159.0
-245.0
-353.0
-299.0
-308.0
-299.0
-290.0
-290.0
-236.0
-308.0
-263.0
-344.0
-281.0
-137.0
-308.0
-263.0
-272.0
4.0
-254.0
-85.0
-272.0
-249.0
-153.0
-344.0
-193.0
-254.0
-263.0
-192.0
-299.0
-35.0
-95.0
-335.0
-254.0
-272.0
-281.0
-326.0
-308.0
-93.0
-33.0
-326.0
-299.0
-299.0
-308.0
-308.0
-203.0
-272.0
-254.0
-34.0
-111.0
-299.0
-353.0
-335.0
-317.0
-272.0
-245.0
-272.0
-308.0
-62.0
-290.0
-317.0
-75.0
-217.0
-299.0
-172.0
-344.0
-272.0
-227.0
-299.0
-29.0
-299.0
-61.0
-263.0
-4.0
-254.0
-344.0
-299.0
-245.0
-4.0
6.0
-164.0
-9.0
0.0
-308.0
-97.0
-39.0
-17.0
-17.0
-245.0
-281.0
-243.0
14.0
-281.0
-299.0
-103.0
-272.0
-236.0
-281.0
5.0
1.0
-5.0
7.0
-281.0
-236.0
5.0
-281.0
-263.0
-263.0
-263.0
-12.0
-245.0
-281.0
-54.0
-59.0
-236.0
-11.0
-254.0
-272.0
-113.0
-245.0
-63.0
-254.0
-272.0
-254.0
-263.0
-96.0
-263.0
4.0
-272.0
4.0
-263.0
-290.0
-272.0
-22.0
-281.0
-10.0
11.0
1.0
-13.0
12.0
-14.0
14.0
-263.0
-344.0
-281.0
-20.0
-263.0
-157.0
-245.0
-272.0
-14.0
-272.0
-11.0
-290.0
4.0
4.0
-6.0
-290.0
-272.0
-227.0
-317.0
-9.0
-9.0
-115.0
-317.0
-38.0
-5.0
-254.0
-272.0
-245.0
-290.0
-272.0
-263.0
-133.0
-245.0
-272.0
-308.0
10.0
-263.0
-290.0
4.0
-39.0
-3.0
-10.0
-121.0
8.0
-7.0
-1.0
-272.0
3.0
-281.0
-78.0
-281.0
1.0
-281.0
-206.0
-2.0
-12.0
-211.0
-77.0
-227.0
-43.0
11.0
-74.0
-290.0
7.0
-6.0
8.0
-317.0
-16.0
11.0
5.0
0.0
-290.0
-158.0
-16.0
-4.0
8.0
11.0
-161.0
5.0
8.0
13.0
-35.0
-7.0
8.0
8.0
-25.0
14.0
3.0
-58.0
-6.0
14.0
2.0
4.0
-61.0
9.0
9.0
-75.0
-290.0
9.0
-141.0
-281.0
-191.0
-89.0
-87.0
-227.0
-121.0
-3.0
-11.0
-33.0
-24.0
-272.0
9.0
-245.0
-236.0
-7.0
-1.0
-69.0
-127.0
-10.0
-51.0
-52.0
8.0
9.0
-2.0
3.0
5.0
6.0
-13.0
-7.0
-154.0
-2.0
-125.0
-3.0
-263.0
-281.0
-5.0
8.0
-10.0
-18.0
-19.0
-52.0
3.0
10.0
-227.0
11.0
5.0
14.0
8.0
-102.0
-3.0
2.0
-18.0
10.0
-299.0
7.0
8.0
1.0
3.0
-18.0
10.0
4.0
-58.0
-13.0
-41.0
7.0
-5.0
4.0
5.0
10.0
-236.0
-81.0
1.0
4.0
5.0
-15.0
10.0
8.0
11.0
-254.0
-254.0
-3.0
-2.0
8.0
-148.0
9.0
-7.0
6.0
0.0
-27.0
-4.0
-6.0
-2.0
-24.0
-227.0
-236.0
7.0
6.0
4.0
-245.0
-53.0
-245.0
1.0
-3.0
3.0
7.0
9.0
3.0
1.0
2.0
11.0
12.0
7.0
7.0
-1.0
14.0
10.0
7.0
5.0
-7.0
7.0
-30.0
12.0
1.0
11.0
-60.0
-8.0
8.0
-4.0
12.0
-4.0
9.0
-6.0
-254.0
8.0
-28.0
7.0
0.0
3.0
0.0
10.0
-13.0
-23.0
-5.0
4.0
9.0
-7.0
-34.0
7.0
1.0
8.0
-15.0
4.0
-98.0
-161.0
-254.0
8.0
8.0
-182.0
5.0
11.0
11.0
-89.0
4.0
8.0
6.0
10.0
-3.0
10.0
12.0
-263.0
-18.0
7.0
7.0
3.0
-11.0
-9.0
13.0
-1.0
-3.0
-245.0
-55.0
7.0
8.0
6.0
-2.0
13.0
10.0
3.0
-111.0
-2.0
-3.0
11.0
1.0
3.0
-27.0
5.0
11.0
-1.0
10.0
2.0
3.0
8.0
6.0
5.0
1.0
-19.0
8.0
-6.0
10.0
8.0
6.0
11.0
9.0
-21.0
10.0
7.0
-49.0
12.0
-8.0
-3.0
5.0
6.0
9.0
-14.0
-187.0
7.0
9.0
7.0
13.0
9.0
-50.0
-5.0
13.0
-52.0
12.0
9.0
10.0
-7.0
10.0
-39.0
-2.0
1.0
14.0
6.0
8.0
15.0
5.0
6.0
-2.0
-27.0
11.0
4.0
6.0
5.0
-4.0
-4.0
-7.0
-118.0
6.0
4.0
7.0
6.0
9.0
9.0
6.0
-2.0
13.0
-245.0
9.0
-6.0
5.0
4.0
1.0
0.0
-3.0
5.0
-227.0
6.0
10.0
8.0
11.0
2.0
8.0
7.0
9.0
6.0
9.0
12.0
6.0
10.0
15.0
-160.0
-5.0
-2.0
-236.0
8.0
4.0
3.0
9.0
-4.0
12.0
1.0
-21.0
-5.0
-227.0
7.0
7.0
10.0
-18.0
7.0
9.0
4.0
6.0
10.0
-12.0
0.0
8.0
-4.0
-9.0
-6.0
8.0
7.0
-5.0
1.0
-8.0
8.0
5.0
-3.0
5.0
7.0
-1.0
9.0
7.0
4.0
-7.0
2.0
7.0
4.0
-2.0
-14.0
9.0
11.0
-1.0
12.0
-1.0
9.0
7.0
11.0
1.0
6.0
11.0
-2.0
3.0
-3.0
-92.0
2.0
5.0
7.0
10.0
3.0
8.0
3.0
12.0
3.0
9.0
8.0
6.0
3.0
8.0
-4.0
-4.0
-5.0
9.0
9.0
8.0
-29.0
5.0
6.0
6.0
0.0
10.0
6.0
-10.0
9.0
8.0
4.0
8.0
-5.0
9.0
6.0
-2.0
4.0
-10.0
3.0
10.0
-10.0
12.0
7.0
12.0
7.0
4.0
1.0
8.0
-4.0
4.0
7.0
8.0
6.0
8.0
8.0
3.0
5.0
-18.0
7.0
8.0
6.0
-9.0
10.0
9.0
7.0
-5.0
-13.0
8.0
13.0
-2.0
10.0
5.0
7.0
7.0
3.0
-11.0
-8.0
-141.0
5.0
-125.0
12.0
6.0
6.0
-1.0
14.0
8.0
10.0
-4.0
-127.0
-5.0
8.0
8.0
8.0
8.0
9.0
8.0
-24.0
-27.0
2.0
5.0
11.0
-1.0
6.0
-5.0
2.0
10.0
7.0
8.0
12.0
6.0
4.0
8.0
5.0
4.0
-27.0
-5.0
9.0
6.0
4.0
7.0
9.0
6.0
4.0
1.0
9.0
8.0
-129.0
4.0
5.0
13.0
-4.0
11.0
6.0
14.0
-15.0
6.0
-7.0
-4.0
7.0
-104.0
4.0
5.0
-36.0
11.0
10.0
12.0
7.0
7.0
9.0
10.0
9.0
-2.0
11.0
-1.0
6.0
8.0
5.0
8.0
6.0
12.0
-119.0
-6.0
4.0
11.0
12.0
9.0
3.0
10.0
10.0
8.0
-24.0
6.0
10.0
12.0
15.0
6.0
4.0
7.0
3.0
10.0
1.0
7.0
9.0
6.0
10.0
-4.0
7.0
10.0
11.0
11.0
8.0
7.0
-2.0
11.0
13.0
3.0
-7.0
4.0
8.0
6.0
4.0
-227.0
13.0
8.0
-254.0
8.0
9.0
5.0
-1.0
8.0
4.0
13.0
-6.0
3.0
4.0
12.0
6.0
9.0
-1.0
8.0
-3.0
-218.0
9.0
-100.0
-5.0
-209.0
9.0
8.0
9.0
7.0
3.0
-209.0
12.0
13.0
13.0
5.0
9.0
10.0
15.0
5.0
11.0
10.0
8.0
15.0
5.0
3.0
-114.0
2.0
12.0
9.0
9.0
7.0
6.0
5.0
7.0
3.0
7.0
7.0
-76.0
0.0
-5.0
13.0
12.0
3.0
7.0
8.0
4.0
11.0
3.0
-218.0
-218.0
12.0
4.0
-245.0
-4.0
10.0
6.0
6.0
-3.0
-6.0
-218.0
6.0
10.0
-4.0
11.0
4.0
10.0
-218.0
14.0
12.0
5.0
11.0
10.0
8.0
11.0
5.0
-5.0
5.0
7.0
8.0
9.0
14.0
3.0
9.0
12.0
-209.0
-3.0
8.0
10.0
11.0
11.0
11.0
7.0
7.0
10.0
7.0
6.0
1.0
-1.0
-5.0
-4.0
6.0
10.0
3.0
5.0
10.0
0.0
11.0
2.0
6.0
5.0
9.0
10.0
3.0
8.0
7.0
-28.0
-1.0
9.0
10.0
-200.0
6.0
5.0
7.0
9.0
10.0
10.0
-13.0
8.0
7.0
5.0
14.0
7.0
6.0
5.0
11.0
8.0
5.0
8.0
11.0
6.0
6.0
10.0
13.0
10.0
3.0
6.0
10.0
6.0
8.0
10.0
9.0
7.0
-3.0
2.0
3.0
5.0
8.0
8.0
6.0
6.0
10.0
13.0
7.0
14.0
11.0
6.0
10.0
4.0
5.0
4.0
12.0
5.0
11.0
8.0
8.0
7.0
5.0
8.0
6.0
7.0
7.0
1.0
8.0
-5.0
3.0
14.0
7.0
-2.0
5.0
-146.0
9.0
-8.0
9.0
2.0
10.0
9.0
6.0
9.0
10.0
9.0
8.0
-200.0
9.0
7.0
5.0
7.0
3.0
4.0
11.0
12.0
6.0
9.0
1.0
14.0
7.0
5.0
3.0
9.0
5.0
8.0
3.0
10.0
8.0
10.0
-16.0
6.0
11.0
7.0
8.0
11.0
7.0
13.0
8.0
7.0
1.0
4.0
8.0
11.0
-6.0
8.0
4.0
9.0
-3.0
-112.0
2.0
10.0
9.0
9.0
11.0
3.0
8.0
6.0
-11.0
10.0
-20.0
-1.0
10.0
8.0
7.0
10.0
5.0
9.0
5.0
-11.0
8.0
5.0
10.0
8.0
2.0
13.0
10.0
-3.0
12.0
9.0
6.0
5.0
13.0
8.0
8.0
10.0
5.0
11.0
2.0
11.0
5.0
7.0
7.0
8.0
6.0
9.0
9.0
7.0
7.0
10.0
8.0
11.0
5.0
9.0
6.0
2.0
9.0
12.0
8.0
7.0
6.0
-1.0
6.0
0.0
6.0
-1.0
10.0
8.0
10.0
-4.0
8.0
6.0
8.0
1.0
11.0
7.0
-16.0
11.0
12.0
7.0
10.0
13.0
10.0
11.0
5.0
6.0
14.0
8.0
5.0
7.0
6.0
12.0
5.0
7.0
12.0
7.0
5.0
7.0
9.0
6.0
9.0
6.0
8.0
8.0
9.0
9.0
3.0
10.0
9.0
7.0
7.0
9.0
8.0
11.0
6.0
7.0
12.0
5.0
9.0
5.0
2.0
8.0
4.0
7.0
10.0
10.0
8.0
9.0
7.0
8.0
-3.0
8.0
14.0
10.0
4.0
11.0
6.0
6.0
8.0
7.0
11.0
8.0
10.0
7.0
13.0
-2.0
10.0
5.0
-4.0
7.0
9.0
-21.0
3.0
11.0
9.0
6.0
4.0
8.0
10.0
6.0
8.0
7.0
6.0
8.0
9.0
-5.0
-5.0
11.0
7.0
7.0
3.0
4.0
10.0
5.0
0.0
6.0
4.0
7.0
6.0
10.0
-4.0
9.0
8.0
4.0
6.0
11.0
9.0
-1.0
10.0
9.0
7.0
4.0
7.0
0.0
6.0
7.0
8.0
0.0
7.0
14.0
8.0
7.0
4.0
10.0
0.0
4.0
4.0
8.0
5.0
4.0
7.0
11.0
10.0
14.0
8.0
6.0
9.0
3.0
6.0
1.0
10.0
10.0
2.0
4.0
-12.0
0.0
0.0
9.0
-3.0
8.0
7.0
8.0
7.0
7.0
9.0
10.0
7.0
12.0
7.0
10.0
8.0
7.0
11.0
5.0
-18.0
8.0
12.0
8.0
5.0
6.0
9.0
8.0
9.0
10.0
9.0
9.0
8.0
3.0
14.0
9.0
3.0
11.0
9.0
6.0
6.0
15.0
9.0
1.0
4.0
10.0
9.0
8.0
5.0
7.0
6.0
11.0
9.0
4.0
7.0
5.0
11.0
8.0
10.0
5.0
6.0
11.0
11.0
5.0
11.0
4.0
7.0
4.0
-1.0
-4.0
5.0
10.0
5.0
3.0
7.0
8.0
10.0
6.0
10.0
12.0
13.0
4.0
9.0
5.0
11.0
10.0
-6.0
5.0
5.0
10.0
11.0
4.0
10.0
9.0
4.0
5.0
-1.0
10.0
15.0
7.0
4.0
-20.0
7.0
9.0
12.0
10.0
7.0
6.0
9.0
8.0
6.0
5.0
4.0
9.0
7.0
-75.0
7.0
8.0
11.0
9.0
8.0
9.0
4.0
4.0
5.0
8.0
10.0
5.0
13.0
9.0
9.0
6.0
12.0
7.0
0.0
8.0
6.0
6.0
8.0
11.0
11.0
14.0
9.0
5.0
4.0
3.0
10.0
9.0
4.0
9.0
5.0
11.0
10.0
5.0
9.0
10.0
5.0
9.0
8.0
6.0
12.0
4.0
-7.0
8.0
6.0
10.0
7.0
11.0
12.0
9.0
0.0
2.0
12.0
4.0
8.0
7.0
10.0
9.0
13.0
9.0
7.0
11.0
7.0
12.0
7.0
6.0
5.0
7.0
2.0
7.0
4.0
10.0
7.0
12.0
7.0
9.0
8.0
8.0
8.0
3.0
8.0
6.0
5.0
-1.0
10.0
9.0
10.0
7.0
8.0
13.0
6.0
9.0
9.0
8.0
5.0
10.0
7.0
15.0
4.0
5.0
6.0
10.0
6.0
7.0
6.0
8.0
11.0
10.0
12.0
7.0
7.0
7.0
10.0
10.0
9.0
6.0
9.0
8.0
14.0
8.0
5.0
8.0
5.0
5.0
5.0
11.0
4.0
7.0
9.0
9.0
3.0
14.0
8.0
5.0
6.0
7.0
4.0
6.0
5.0
11.0
8.0
8.0
3.0
10.0
10.0
-14.0
6.0
10.0
14.0
15.0
4.0
13.0
11.0
5.0
10.0
5.0
7.0
11.0
3.0
5.0
10.0
11.0
7.0
6.0
9.0
5.0
12.0
9.0
4.0
12.0
7.0
9.0
9.0
8.0
6.0
7.0
12.0
11.0
8.0
8.0
8.0
14.0
7.0
8.0
8.0
10.0
5.0
6.0
6.0
9.0
5.0
8.0
-6.0
7.0
9.0
9.0
6.0
14.0
5.0
10.0
7.0
13.0
6.0
7.0
7.0
3.0
8.0
11.0
11.0
11.0
10.0
13.0
10.0
9.0
6.0
6.0
10.0
10.0
12.0
6.0
7.0
6.0
12.0
8.0
12.0
8.0
5.0
6.0
7.0
-7.0
7.0
10.0
7.0
4.0
4.0
7.0
9.0
11.0
8.0
7.0
10.0
5.0
9.0
15.0
3.0
11.0
