-758.0
-848.0
-695.0
-713.0
-794.0
-785.0
-812.0
-776.0
-713.0
-758.0
-758.0
-749.0
-749.0
-767.0
-812.0
-740.0
-875.0
-740.0
-839.0
-911.0
-839.0
-866.0
-758.0
-812.0
-731.0
-857.0
-794.0
-596.0
-758.0
-623.0
-794.0
-695.0
-740.0
-839.0
-704.0
-794.0
-785.0
-731.0
-668.0
-695.0
-713.0
-839.0
-704.0
-336.0
-776.0
-839.0
-767.0
-713.0
-740.0
-776.0
-731.0
-677.0
-695.0
-740.0
-704.0
-767.0
-650.0
-722.0
-704.0
-731.0
-668.0
-695.0
-722.0
-605.0
-695.0
-731.0
-767.0
-659.0
-659.0
-632.0
-722.0
-740.0
-731.0
-731.0
-686.0
-695.0
-713.0
-713.0
-686.0
-776.0
-758.0
-659.0
-713.0
-650.0
-641.0
-677.0
-596.0
-722.0
-704.0
-758.0
-731.0
-740.0
-596.0
-659.0
-632.0
-785.0
-785.0
-677.0
-677.0
-569.0
-731.0
-605.0
-551.0
-686.0
-650.0
-641.0
-623.0
-668.0
-794.0
-641.0
-686.0
-686.0
-623.0
-650.0
-740.0
-614.0
-740.0
-722.0
-686.0
-695.0
-677.0
-605.0
-668.0
-605.0
-677.0
-587.0
-713.0
-641.0
-686.0
-587.0
-542.0
-605.0
-695.0
-614.0
-506.0
-596.0
-659.0
-596.0
-650.0
-578.0
-632.0
-641.0
-686.0
-587.0
-659.0
-587.0
-668.0
-515.0
-668.0
-650.0
-614.0
-668.0
-614.0
-659.0
-659.0
-560.0
-596.0
-695.0
-677.0
-686.0
-488.0
-524.0
-256.0
-533.0
-614.0
-515.0
-632.0
-560.0
-614.0
-677.0
-533.0
-560.0
-668.0
-668.0
-542.0
-596.0
-623.0
-686.0
-641.0
-506.0
-632.0
-659.0
-578.0
-389.0
-587.0
-506.0
-605.0
-641.0
-560.0
-515.0
-533.0
-560.0
-623.0
-668.0
-668.0
-668.0
-515.0
-614.0
-524.0
-623.0
-524.0
-578.0
-578.0
-596.0
-587.0
-614.0
-596.0
-596.0
-614.0
-623.0
-578.0
-569.0
-551.0
-524.0
-605.0
-605.0
-551.0
-560.0
-668.0
-533.0
-587.0
-443.0
-731.0
-515.0
-587.0
-524.0
-524.0
-560.0
-497.0
-542.0
-632.0
-479.0
-551.0
-677.0
-515.0
-497.0
-650.0
-470.0
-560.0
-596.0
-578.0
-614.0
-596.0
-497.0
-578.0
-578.0
-470.0
-668.0
-488.0
-560.0
-650.0
-533.0
-596.0
-533.0
-506.0
-578.0
-470.0
-497.0
-533.0
-150.0
-569.0
-461.0
-569.0
-587.0
-560.0
-524.0
-542.0
-578.0
-560.0
-533.0
-542.0
-560.0
-560.0
-578.0
-497.0
-569.0
-533.0
-569.0
-236.0
-560.0
-506.0
-452.0
-148.0
-587.0
-551.0
-578.0
-506.0
-461.0
-632.0
-668.0
-506.0
-587.0
-668.0
-587.0
-578.0
-461.0
-560.0
-587.0
-560.0
-515.0
-560.0
-524.0
-560.0
-569.0
-470.0
-488.0
-506.0
-560.0
-452.0
-470.0
-289.0
-560.0
-515.0
-533.0
-470.0
-488.0
-452.0
-488.0
-515.0
-488.0
-524.0
-443.0
-398.0
-470.0
-515.0
-578.0
-533.0
-515.0
-533.0
-542.0
-515.0
-515.0
-506.0
-515.0
-443.0
-389.0
-443.0
-533.0
-470.0
-299.0
-380.0
-461.0
-380.0
-533.0
-614.0
-560.0
-533.0
-542.0
-542.0
-488.0
-470.0
-533.0
-560.0
-479.0
-623.0
-317.0
-461.0
-371.0
-551.0
-560.0
-452.0
-470.0
-506.0
-434.0
-551.0
-398.0
-533.0
-497.0
-443.0
-515.0
-533.0
-461.0
-380.0
-488.0
-416.0
-416.0
-234.0
-407.0
-145.0
-479.0
-201.0
-479.0
-452.0
-443.0
-142.0
-443.0
-425.0
-488.0
-443.0
-389.0
-524.0
-425.0
-461.0
-506.0
-479.0
-452.0
-488.0
-524.0
-443.0
-506.0
-380.0
-407.0
-497.0
-506.0
-533.0
-470.0
-398.0
-452.0
-443.0
-380.0
-479.0
-434.0
-497.0
-470.0
-569.0
-416.0
-398.0
-434.0
-479.0
-551.0
-443.0
-398.0
-479.0
-353.0
-443.0
-389.0
-443.0
-470.0
-416.0
-578.0
-407.0
-443.0
-488.0
-515.0
-371.0
-443.0
-488.0
-470.0
-443.0
-488.0
-479.0
-407.0
-380.0
-425.0
-443.0
-479.0
-443.0
-434.0
-407.0
-416.0
-407.0
-434.0
-479.0
-389.0
-407.0
-443.0
-497.0
-425.0
-347.0
-506.0
-362.0
-524.0
-389.0
-443.0
-434.0
-443.0
-270.0
-470.0
-443.0
-443.0
-434.0
-113.0
-353.0
-434.0
-461.0
-353.0
-425.0
-416.0
-425.0
-398.0
-470.0
-407.0
-443.0
-362.0
-461.0
-380.0
-344.0
-524.0
-452.0
-425.0
-416.0
-425.0
-380.0
-506.0
-353.0
-434.0
-479.0
-425.0
-344.0
-461.0
-407.0
-470.0
-398.0
-371.0
-380.0
-425.0
-425.0
-371.0
-425.0
-416.0
-398.0
-434.0
-416.0
-389.0
-353.0
-434.0
-398.0
-211.0
-326.0
-344.0
-407.0
-227.0
-257.0
-416.0
-317.0
-398.0
-317.0
-168.0
-371.0
-353.0
-335.0
-166.0
-362.0
-479.0
-353.0
-479.0
-371.0
-353.0
-488.0
-434.0
-308.0
-326.0
-443.0
-488.0
-105.0
-398.0
-317.0
-443.0
-398.0
-398.0
-407.0
-344.0
-389.0
-416.0
-344.0
-335.0
-434.0
-371.0
-371.0
-344.0
-407.0
-434.0
-434.0
-380.0
-434.0
-380.0
-488.0
-425.0
-335.0
-389.0
-362.0
-335.0
-326.0
-335.0
-263.0
-425.0
-389.0
-434.0
-407.0
-281.0
-353.0
-389.0
-461.0
-371.0
-204.0
-353.0
-371.0
-389.0
-380.0
-272.0
-380.0
-326.0
-272.0
-353.0
-425.0
-371.0
-362.0
-407.0
-461.0
-317.0
-407.0
-362.0
-407.0
-425.0
-317.0
-371.0
-389.0
-52.0
-371.0
-398.0
-371.0
-389.0
-335.0
-416.0
-86.0
-380.0
-380.0
-335.0
-389.0
-398.0
-198.0
-416.0
-362.0
-335.0
-389.0
-335.0
-344.0
-353.0
-353.0
-362.0
-178.0
-236.0
-425.0
-326.0
-344.0
-344.0
-317.0
-407.0
-452.0
-281.0
-353.0
-290.0
-335.0
-281.0
-326.0
15.0
-353.0
-326.0
-308.0
-389.0
4.0
-353.0
-6.0
-362.0
-362.0
-312.0
-105.0
-22.0
-143.0
-22.0
-11.0
-276.0
-268.0
-35.0
-317.0
-380.0
-335.0
-23.0
-317.0
-5.0
-14.0
-317.0
-299.0
-308.0
-272.0
-59.0
10.0
-344.0
-18.0
-103.0
-148.0
-344.0
-344.0
-389.0
-28.0
-254.0
-299.0
-4.0
-326.0
-3.0
-39.0
-188.0
-87.0
-62.0
-49.0
-2.0
-23.0
-83.0
-317.0
-99.0
-47.0
-92.0
-5.0
-79.0
-39.0
-380.0
-443.0
-380.0
-6.0
13.0
-9.0
-398.0
-7.0
-57.0
-326.0
-398.0
-362.0
-362.0
-14.0
-101.0
-39.0
-38.0
3.0
-32.0
-15.0
-335.0
-335.0
-83.0
-290.0
-308.0
-335.0
-335.0
-36.0
-30.0
-184.0
-281.0
-11.0
-335.0
-203.0
-263.0
-2.0
-84.0
-36.0
-344.0
-35.0
-380.0
-326.0
-326.0
-18.0
-7.0
-326.0
-108.0
-318.0
-254.0
-317.0
-151.0
-6.0
-344.0
-272.0
-317.0
-13.0
-272.0
-19.0
-353.0
-7.0
-326.0
-64.0
-15.0
-21.0
-299.0
-21.0
-13.0
-21.0
-335.0
-79.0
-317.0
-389.0
-299.0
-28.0
-106.0
-362.0
-299.0
-344.0
-380.0
2.0
-27.0
0.0
-8.0
-344.0
-7.0
-17.0
-3.0
-19.0
0.0
-344.0
-50.0
5.0
11.0
-299.0
-4.0
-148.0
-11.0
-263.0
-63.0
-13.0
-99.0
-2.0
-32.0
-92.0
-99.0
6.0
-290.0
-67.0
-335.0
-48.0
7.0
-133.0
-297.0
5.0
-272.0
8.0
1.0
-8.0
-17.0
-263.0
-47.0
-236.0
-254.0
6.0
-254.0
4.0
-14.0
-145.0
1.0
9.0
3.0
1.0
-47.0
-190.0
8.0
8.0
7.0
-11.0
-27.0
-46.0
7.0
-29.0
9.0
-4.0
-326.0
-23.0
-101.0
11.0
-121.0
-10.0
-4.0
-6.0
-39.0
3.0
-29.0
-45.0
-162.0
-17.0
-190.0
-17.0
11.0
-12.0
-42.0
9.0
3.0
13.0
-6.0
-17.0
-18.0
-24.0
-78.0
-10.0
-153.0
-5.0
4.0
-1.0
-133.0
-17.0
-40.0
-317.0
2.0
-31.0
-32.0
7.0
-247.0
3.0
-117.0
-110.0
-31.0
-16.0
-7.0
-79.0
1.0
1.0
-26.0
-1.0
-263.0
-263.0
-7.0
-81.0
4.0
-12.0
-31.0
-8.0
1.0
-3.0
-67.0
6.0
-24.0
-4.0
-49.0
-221.0
9.0
-3.0
-130.0
-56.0
9.0
4.0
-9.0
-62.0
2.0
-13.0
-15.0
14.0
-38.0
0.0
-28.0
-27.0
-4.0
-28.0
-26.0
4.0
12.0
3.0
-10.0
-263.0
-35.0
-290.0
-290.0
-2.0
4.0
4.0
-15.0
6.0
9.0
-68.0
-100.0
-1.0
-23.0
11.0
14.0
-48.0
-17.0
-52.0
3.0
4.0
6.0
-4.0
12.0
-83.0
-29.0
-254.0
-28.0
4.0
-8.0
-8.0
-18.0
-142.0
-7.0
-281.0
-101.0
4.0
-57.0
-4.0
3.0
-14.0
-4.0
-272.0
9.0
-169.0
-6.0
-14.0
-24.0
-245.0
7.0
-281.0
9.0
-245.0
-308.0
-45.0
-18.0
-272.0
7.0
-82.0
-20.0
7.0
-15.0
-189.0
-242.0
-245.0
-272.0
12.0
-299.0
-101.0
-93.0
-1.0
-239.0
-120.0
-97.0
-227.0
-236.0
-22.0
-145.0
-57.0
-1.0
-155.0
-263.0
-281.0
-5.0
-191.0
-15.0
-227.0
13.0
-34.0
-28.0
-9.0
-317.0
10.0
-3.0
8.0
7.0
-36.0
-118.0
-26.0
-11.0
2.0
-118.0
-35.0
1.0
-281.0
8.0
-281.0
7.0
-317.0
-1.0
-245.0
-308.0
-290.0
6.0
-299.0
-272.0
3.0
-281.0
-45.0
-263.0
-14.0
-87.0
-263.0
-39.0
2.0
8.0
6.0
11.0
-19.0
-2.0
-8.0
8.0
9.0
-21.0
6.0
-11.0
1.0
-254.0
-272.0
-281.0
-344.0
1.0
-3.0
-1.0
-49.0
13.0
-254.0
7.0
-254.0
-10.0
-4.0
12.0
-254.0
9.0
-12.0
-51.0
5.0
-227.0
8.0
7.0
-137.0
-76.0
-3.0
-23.0
12.0
11.0
-21.0
-317.0
-93.0
11.0
-15.0
-290.0
6.0
13.0
-35.0
-281.0
8.0
-308.0
-272.0
4.0
-21.0
7.0
10.0
9.0
1.0
11.0
0.0
9.0
-16.0
-4.0
8.0
8.0
9.0
0.0
-52.0
-1.0
-5.0
-11.0
8.0
3.0
12.0
2.0
-36.0
4.0
-13.0
7.0
8.0
-103.0
7.0
-3.0
10.0
-12.0
-89.0
8.0
4.0
8.0
6.0
10.0
11.0
-6.0
6.0
-11.0
8.0
-6.0
-4.0
-7.0
15.0
-22.0
-30.0
-4.0
0.0
7.0
13.0
9.0
12.0
5.0
7.0
9.0
1.0
-4.0
-7.0
-30.0
-56.0
-74.0
7.0
-18.0
-8.0
10.0
-7.0
7.0
-15.0
8.0
2.0
6.0
3.0
-9.0
10.0
5.0
8.0
8.0
6.0
3.0
6.0
2.0
-8.0
11.0
-14.0
10.0
5.0
9.0
9.0
-4.0
-4.0
12.0
6.0
9.0
13.0
3.0
15.0
6.0
4.0
-4.0
8.0
10.0
7.0
-16.0
9.0
11.0
6.0
3.0
-150.0
-4.0
-10.0
3.0
6.0
11.0
7.0
13.0
6.0
10.0
6.0
-22.0
4.0
6.0
-2.0
6.0
-11.0
9.0
3.0
-3.0
4.0
7.0
10.0
10.0
7.0
-8.0
3.0
11.0
8.0
8.0
8.0
6.0
12.0
-10.0
7.0
6.0
5.0
-14.0
5.0
3.0
4.0
5.0
-8.0
7.0
-19.0
8.0
-14.0
3.0
0.0
6.0
9.0
-3.0
-5.0
3.0
5.0
7.0
7.0
14.0
8.0
-70.0
8.0
7.0
12.0
12.0
7.0
12.0
8.0
-2.0
-1.0
7.0
5.0
7.0
6.0
-2.0
1.0
4.0
5.0
7.0
-5.0
8.0
9.0
-1.0
15.0
13.0
7.0
-20.0
10.0
8.0
8.0
-7.0
13.0
9.0
-1.0
4.0
-14.0
-4.0
-5.0
12.0
2.0
4.0
-5.0
6.0
8.0
9.0
7.0
-10.0
4.0
8.0
7.0
-7.0
-15.0
5.0
11.0
-6.0
-17.0
-1.0
13.0
8.0
3.0
-4.0
4.0
-10.0
6.0
9.0
-31.0
8.0
6.0
-7.0
-2.0
8.0
6.0
5.0
4.0
-2.0
-4.0
7.0
8.0
4.0
-8.0
8.0
13.0
9.0
8.0
7.0
10.0
7.0
5.0
12.0
8.0
7.0
-5.0
4.0
11.0
-102.0
8.0
12.0
8.0
-3.0
-4.0
-2.0
5.0
5.0
-35.0
9.0
14.0
6.0
5.0
13.0
12.0
12.0
4.0
7.0
-1.0
-7.0
11.0
4.0
2.0
9.0
-30.0
-13.0
-5.0
15.0
3.0
4.0
-4.0
-1.0
6.0
-3.0
7.0
10.0
8.0
8.0
8.0
-30.0
9.0
2.0
7.0
12.0
2.0
-2.0
5.0
7.0
-5.0
8.0
-3.0
6.0
-19.0
3.0
11.0
7.0
7.0
8.0
3.0
4.0
9.0
-14.0
4.0
5.0
9.0
7.0
6.0
6.0
12.0
9.0
-254.0
3.0
4.0
-6.0
5.0
-4.0
1.0
4.0
2.0
2.0
4.0
-16.0
5.0
12.0
4.0
-6.0
7.0
7.0
15.0
12.0
8.0
4.0
12.0
-14.0
12.0
6.0
12.0
-3.0
-3.0
2.0
4.0
9.0
-8.0
12.0
10.0
10.0
10.0
8.0
9.0
10.0
6.0
6.0
11.0
-69.0
-3.0
4.0
10.0
8.0
-11.0
6.0
8.0
6.0
12.0
15.0
3.0
4.0
7.0
5.0
5.0
-1.0
-3.0
12.0
4.0
1.0
7.0
9.0
-3.0
7.0
10.0
10.0
11.0
9.0
9.0
13.0
5.0
1.0
4.0
14.0
10.0
8.0
10.0
5.0
9.0
13.0
5.0
-1.0
-4.0
11.0
2.0
7.0
7.0
7.0
11.0
10.0
2.0
11.0
10.0
-25.0
7.0
8.0
3.0
9.0
-2.0
4.0
9.0
11.0
-3.0
-3.0
10.0
-3.0
-5.0
9.0
11.0
7.0
10.0
10.0
3.0
11.0
10.0
1.0
-1.0
9.0
1.0
-1.0
6.0
6.0
10.0
9.0
12.0
9.0
7.0
10.0
8.0
7.0
14.0
11.0
4.0
-8.0
12.0
5.0
7.0
-6.0
5.0
5.0
6.0
6.0
-3.0
7.0
9.0
-9.0
8.0
8.0
2.0
10.0
-2.0
5.0
7.0
5.0
-5.0
6.0
-1.0
8.0
8.0
4.0
5.0
9.0
8.0
4.0
6.0
4.0
7.0
10.0
-6.0
11.0
7.0
2.0
7.0
10.0
3.0
3.0
7.0
8.0
5.0
5.0
10.0
7.0
-2.0
4.0
6.0
-6.0
7.0
9.0
11.0
9.0
7.0
4.0
4.0
7.0
9.0
-9.0
-4.0
8.0
0.0
5.0
7.0
7.0
9.0
9.0
10.0
4.0
7.0
3.0
8.0
10.0
9.0
10.0
9.0
8.0
9.0
4.0
2.0
0.0
6.0
6.0
7.0
7.0
7.0
15.0
4.0
2.0
5.0
6.0
4.0
7.0
7.0
10.0
6.0
12.0
9.0
10.0
6.0
6.0
6.0
5.0
8.0
13.0
10.0
13.0
11.0
4.0
6.0
13.0
6.0
7.0
-4.0
9.0
-3.0
7.0
8.0
3.0
1.0
5.0
9.0
-5.0
11.0
11.0
11.0
6.0
2.0
-5.0
8.0
5.0
8.0
4.0
10.0
7.0
6.0
10.0
7.0
7.0
-4.0
7.0
4.0
7.0
-7.0
7.0
10.0
3.0
4.0
8.0
7.0
6.0
3.0
9.0
5.0
7.0
12.0
7.0
4.0
10.0
6.0
11.0
10.0
5.0
7.0
-6.0
6.0
11.0
9.0
8.0
9.0
5.0
9.0
11.0
5.0
8.0
-4.0
8.0
6.0
10.0
2.0
14.0
8.0
6.0
8.0
14.0
-6.0
4.0
6.0
8.0
6.0
14.0
11.0
10.0
4.0
12.0
6.0
11.0
10.0
9.0
3.0
8.0
6.0
9.0
11.0
10.0
9.0
9.0
12.0
2.0
-4.0
7.0
12.0
-5.0
9.0
7.0
-6.0
8.0
10.0
10.0
8.0
9.0
13.0
5.0
6.0
-5.0
10.0
9.0
6.0
7.0
9.0
11.0
6.0
-8.0
11.0
5.0
9.0
9.0
8.0
-7.0
7.0
13.0
5.0
8.0
12.0
6.0
-2.0
4.0
5.0
13.0
12.0
4.0
6.0
9.0
6.0
6.0
0.0
9.0
0.0
7.0
11.0
7.0
11.0
3.0
10.0
6.0
7.0
10.0
5.0
6.0
8.0
9.0
8.0
7.0
9.0
9.0
6.0
10.0
10.0
11.0
-1.0
6.0
11.0
10.0
6.0
13.0
10.0
8.0
14.0
11.0
6.0
6.0
10.0
5.0
5.0
-4.0
4.0
6.0
11.0
-3.0
2.0
7.0
10.0
3.0
9.0
8.0
14.0
12.0
6.0
-6.0
12.0
9.0
14.0
8.0
5.0
9.0
11.0
6.0
1.0
9.0
8.0
7.0
8.0
6.0
8.0
6.0
5.0
11.0
10.0
11.0
8.0
8.0
-8.0
7.0
7.0
8.0
9.0
4.0
-3.0
8.0
5.0
10.0
7.0
9.0
9.0
10.0
14.0
11.0
8.0
4.0
15.0
7.0
7.0
10.0
8.0
13.0
5.0
-4.0
3.0
13.0
14.0
10.0
7.0
-4.0
-2.0
0.0
6.0
10.0
9.0
12.0
4.0
3.0
3.0
6.0
9.0
4.0
8.0
10.0
4.0
8.0
6.0
3.0
14.0
7.0
8.0
13.0
6.0
3.0
9.0
5.0
9.0
6.0
7.0
5.0
4.0
3.0
9.0
4.0
11.0
6.0
8.0
14.0
7.0
9.0
3.0
3.0
6.0
4.0
7.0
12.0
6.0
7.0
10.0
4.0
4.0
10.0
13.0
8.0
7.0
7.0
-2.0
8.0
11.0
8.0
10.0
5.0
14.0
7.0
11.0
7.0
9.0
7.0
12.0
15.0
10.0
9.0
13.0
4.0
8.0
10.0
10.0
5.0
7.0
8.0
11.0
7.0
10.0
10.0
11.0
5.0
10.0
9.0
12.0
12.0
11.0
5.0
6.0
9.0
8.0
6.0
-5.0
11.0
7.0
4.0
9.0
3.0
13.0
3.0
6.0
7.0
10.0
7.0
8.0
-2.0
10.0
7.0
6.0
4.0
-41.0
10.0
11.0
5.0
9.0
14.0
5.0
6.0
7.0
4.0
8.0
10.0
10.0
6.0
6.0
8.0
12.0
8.0
13.0
7.0
9.0
8.0
10.0
-3.0
5.0
12.0
9.0
8.0
8.0
10.0
-14.0
6.0
9.0
7.0
11.0
9.0
9.0
6.0
5.0
10.0
12.0
6.0
10.0
7.0
4.0
5.0
10.0
7.0
11.0
10.0
5.0
-5.0
9.0
6.0
11.0
10.0
9.0
11.0
5.0
6.0
8.0
10.0
6.0
11.0
11.0
9.0
9.0
10.0
12.0
11.0
9.0
8.0
6.0
9.0
7.0
11.0
8.0
9.0
6.0
9.0
8.0
11.0
13.0
6.0
3.0
13.0
15.0
-4.0
5.0
8.0
5.0
6.0
11.0
8.0
13.0
8.0
4.0
13.0
6.0
6.0
9.0
8.0
5.0
6.0
6.0
10.0
12.0
9.0
8.0
9.0
9.0
9.0
10.0
11.0
1.0
6.0
11.0
4.0
7.0
9.0
6.0
9.0
6.0
10.0
3.0
12.0
8.0
4.0
7.0
4.0
11.0
6.0
8.0
6.0
8.0
-6.0
5.0
8.0
9.0
4.0
11.0
9.0
7.0
9.0
10.0
5.0
4.0
5.0
7.0
9.0
7.0
9.0
8.0
13.0
7.0
3.0
10.0
3.0
7.0
5.0
8.0
12.0
8.0
10.0
12.0
9.0
8.0
5.0
11.0
13.0
4.0
9.0
6.0
11.0
9.0
5.0
8.0
7.0
6.0
7.0
5.0
7.0
11.0
5.0
11.0
-6.0
8.0
9.0
8.0
6.0
12.0
11.0
9.0
5.0
7.0
11.0
11.0
9.0
9.0
5.0
12.0
13.0
13.0
8.0
6.0
5.0
5.0
3.0
9.0
10.0
4.0
10.0
10.0
5.0
11.0
9.0
14.0
5.0
4.0
8.0
3.0
11.0
4.0
5.0
12.0
5.0
9.0
3.0
6.0
11.0
5.0
6.0
4.0
9.0
9.0
11.0
5.0
6.0
5.0
10.0
11.0
8.0
5.0
12.0
8.0
7.0
12.0
4.0
10.0
8.0
5.0
8.0
7.0
5.0
9.0
6.0
-4.0
9.0
7.0
9.0
7.0
7.0
10.0
8.0
6.0
6.0
8.0
7.0
6.0
7.0
10.0
6.0
11.0
3.0
6.0
7.0
13.0
5.0
6.0
7.0
12.0
5.0
6.0
7.0
11.0
7.0
11.0
8.0
6.0
9.0
8.0
12.0
8.0
10.0
4.0
5.0
7.0
13.0
10.0
14.0
9.0
9.0
4.0
8.0
5.0
7.0
8.0
8.0
7.0
8.0
3.0
8.0
11.0
8.0
8.0
7.0
6.0
10.0
1.0
12.0
8.0
5.0
9.0
7.0
6.0
8.0
9.0
13.0
7.0
8.0
-3.0
12.0
9.0
-5.0
6.0
6.0
0.0
4.0
6.0
7.0
10.0
0.0
6.0
5.0
8.0
6.0
9.0
9.0
9.0
13.0
7.0
6.0
7.0
8.0
11.0
8.0
7.0
11.0
10.0
6.0
8.0
8.0
7.0
10.0
-6.0
7.0
4.0
7.0
12.0
8.0
12.0
9.0
3.0
10.0
8.0
5.0
7.0
11.0
12.0
6.0
7.0
6.0
7.0
6.0
6.0
9.0
11.0
8.0
13.0
10.0
11.0
8.0
9.0
8.0
4.0
-1.0
10.0
7.0
6.0
8.0
9.0
10.0
6.0
11.0
7.0
7.0
5.0
4.0
6.0
10.0
3.0
8.0
7.0
8.0
-2.0
6.0
9.0
8.0
8.0
9.0
9.0
6.0
5.0
6.0
6.0
7.0
7.0
6.0
13.0
8.0
5.0
7.0
5.0
10.0
6.0
5.0
5.0
5.0
9.0
5.0
8.0
7.0
7.0
9.0
5.0
7.0
12.0
8.0
9.0
5.0
7.0
12.0
7.0
4.0
9.0
5.0
6.0
9.0
6.0
7.0
14.0
8.0
5.0
10.0
8.0
-7.0
5.0
12.0
6.0
3.0
9.0
7.0
5.0
9.0
9.0
9.0
9.0
11.0
7.0
-2.0
4.0
8.0
6.0
5.0
6.0
5.0
8.0
9.0
4.0
5.0
11.0
7.0
9.0
6.0
13.0
4.0
13.0
11.0
7.0
4.0
4.0
9.0
7.0
9.0
14.0
9.0
11.0
6.0
7.0
6.0
9.0
7.0
4.0
8.0
8.0
7.0
10.0
5.0
6.0
7.0
6.0
6.0
8.0
10.0
8.0
6.0
6.0
8.0
8.0
7.0
12.0
12.0
14.0
3.0
9.0
7.0
6.0
5.0
6.0
8.0
11.0
5.0
8.0
9.0
5.0
7.0
8.0
7.0
7.0
9.0
3.0
9.0
11.0
6.0
12.0
10.0
5.0
7.0
10.0
6.0
7.0
9.0
6.0
8.0
6.0
10.0
6.0
12.0
4.0
4.0
13.0
6.0
9.0
4.0
5.0
4.0
9.0
8.0
7.0
9.0
8.0
5.0
7.0
7.0
7.0
11.0
6.0
7.0
9.0
5.0
5.0
7.0
8.0
9.0
9.0
6.0
5.0
11.0
11.0
6.0
3.0
11.0
4.0
6.0
9.0
9.0
7.0
9.0
7.0
6.0
3.0
7.0
11.0
7.0
7.0
9.0
11.0
3.0
6.0
6.0
-4.0
10.0
12.0
12.0
7.0
10.0
5.0
10.0
12.0
5.0
7.0
0.0
11.0
5.0
10.0
5.0
11.0
5.0
4.0
9.0
5.0
8.0
9.0
11.0
7.0
12.0
5.0
7.0
12.0
10.0
8.0
6.0
4.0
12.0
9.0
6.0
10.0
5.0
5.0
9.0
-2.0
6.0
10.0
6.0
9.0
7.0
9.0
3.0
8.0
7.0
1.0
11.0
9.0
5.0
0.0
9.0
4.0
9.0
8.0
6.0
8.0
5.0
7.0
8.0
12.0
9.0
5.0
7.0
7.0
6.0
7.0
11.0
7.0
10.0
7.0
10.0
7.0
8.0
15.0
11.0
12.0
6.0
13.0
1.0
15.0
11.0
7.0
13.0
9.0
7.0
7.0
9.0
8.0
6.0
9.0
12.0
7.0
7.0
-4.0
5.0
8.0
11.0
7.0
8.0
4.0
12.0
-6.0
6.0
12.0
12.0
5.0
10.0
7.0
11.0
9.0
5.0
11.0
9.0
10.0
6.0
5.0
8.0
6.0
10.0
11.0
11.0
8.0
7.0
8.0
7.0
11.0
5.0
5.0
5.0
14.0
11.0
10.0
13.0
15.0
7.0
7.0
3.0
11.0
6.0
6.0
5.0
6.0
9.0
-7.0
13.0
12.0
5.0
11.0
5.0
10.0
11.0
