-893.0
-695.0
-758.0
-803.0
-821.0
-794.0
-740.0
-650.0
-893.0
-749.0
-794.0
-740.0
-884.0
-866.0
-704.0
-767.0
-713.0
-803.0
-758.0
-722.0
-848.0
-632.0
-812.0
-794.0
-785.0
-695.0
-767.0
-803.0
-713.0
-641.0
-776.0
-695.0
-758.0
-731.0
-695.0
-803.0
-812.0
-830.0
-749.0
-713.0
-695.0
-776.0
-794.0
-776.0
-641.0
-803.0
-767.0
-704.0
-641.0
-875.0
-776.0
-695.0
-695.0
-731.0
-695.0
-677.0
-857.0
-713.0
-767.0
-812.0
-767.0
-722.0
-695.0
-184.0
-776.0
-686.0
-839.0
-650.0
-776.0
-713.0
-749.0
-794.0
-641.0
-776.0
-641.0
-191.0
-677.0
-704.0
-641.0
-686.0
-758.0
-722.0
-677.0
-686.0
-758.0
-776.0
-641.0
-731.0
-668.0
-803.0
-542.0
-776.0
-605.0
-722.0
-632.0
-587.0
-749.0
-659.0
-650.0
-695.0
-695.0
-641.0
-794.0
-731.0
-695.0
-677.0
-758.0
-686.0
-587.0
-884.0
-686.0
-596.0
-650.0
-686.0
-497.0
-713.0
-677.0
-641.0
-659.0
-623.0
-668.0
-596.0
-605.0
-686.0
-632.0
-623.0
-740.0
-713.0
-749.0
-578.0
-551.0
-650.0
-731.0
-731.0
-323.0
-605.0
-740.0
-632.0
-149.0
-704.0
-551.0
-704.0
-758.0
-605.0
-650.0
-515.0
-713.0
-614.0
-659.0
-677.0
-668.0
-686.0
-596.0
-614.0
-542.0
-614.0
-677.0
-623.0
-632.0
-641.0
-650.0
-587.0
-659.0
-506.0
-596.0
-623.0
-497.0
-632.0
-569.0
-623.0
-614.0
-587.0
-587.0
-515.0
-650.0
-668.0
-560.0
-515.0
-623.0
-605.0
-686.0
-470.0
-623.0
-542.0
-506.0
-497.0
-551.0
-632.0
-578.0
-488.0
-596.0
-515.0
-623.0
-524.0
-632.0
-632.0
-596.0
-641.0
-650.0
-587.0
-542.0
-605.0
-569.0
-632.0
-578.0
-578.0
-605.0
-596.0
-524.0
-578.0
-542.0
-488.0
-506.0
-542.0
-587.0
-524.0
-560.0
-632.0
-650.0
-578.0
-596.0
-614.0
-542.0
-533.0
-524.0
-470.0
-596.0
-408.0
-515.0
-515.0
-475.0
-578.0
-623.0
-560.0
-524.0
-740.0
-533.0
-614.0
-587.0
-425.0
-551.0
-524.0
-641.0
-533.0
-551.0
-524.0
-470.0
-542.0
-560.0
-524.0
-695.0
-614.0
-524.0
-479.0
-470.0
-103.0
-578.0
-497.0
-497.0
-542.0
-641.0
-659.0
-587.0
-470.0
-686.0
-533.0
-551.0
-623.0
-542.0
-560.0
-506.0
-488.0
-578.0
-451.0
-533.0
-560.0
-533.0
-533.0
-506.0
-506.0
-533.0
-533.0
-569.0
-605.0
-479.0
-506.0
-524.0
-560.0
-542.0
-479.0
-524.0
-524.0
-542.0
-488.0
-533.0
-551.0
-542.0
-389.0
-560.0
-551.0
-416.0
-533.0
-569.0
-488.0
-560.0
-497.0
-542.0
-488.0
-479.0
-614.0
-551.0
-497.0
-542.0
-479.0
-434.0
-168.0
-443.0
-506.0
-479.0
-416.0
-560.0
-551.0
-542.0
-497.0
-587.0
-506.0
-26.0
-488.0
-461.0
-479.0
-461.0
-515.0
-389.0
-506.0
-506.0
-524.0
-569.0
-578.0
-524.0
-533.0
-560.0
-578.0
-587.0
-416.0
-506.0
-461.0
-551.0
-551.0
-470.0
-497.0
-416.0
-425.0
-506.0
-461.0
-241.0
-452.0
-470.0
-560.0
-515.0
-443.0
-315.0
-497.0
-407.0
-443.0
-587.0
-479.0
-443.0
-314.0
-479.0
-479.0
-533.0
-434.0
-659.0
-521.0
-497.0
-371.0
-524.0
-443.0
-470.0
-497.0
-515.0
-533.0
-461.0
-344.0
-443.0
-452.0
-380.0
-479.0
-398.0
-407.0
-434.0
-398.0
-506.0
-488.0
-407.0
-461.0
-353.0
-362.0
-389.0
-488.0
-479.0
-515.0
-398.0
-416.0
-371.0
-114.0
-425.0
-443.0
-30.0
-380.0
-461.0
-461.0
-470.0
-20.0
-380.0
-551.0
-524.0
-497.0
-308.0
-479.0
-452.0
-335.0
-362.0
-425.0
-452.0
-398.0
-470.0
-380.0
-207.0
-271.0
-434.0
-506.0
-380.0
-407.0
-443.0
-299.0
-416.0
-117.0
-497.0
-416.0
-416.0
-246.0
-434.0
-203.0
-371.0
-569.0
-407.0
-434.0
-452.0
-524.0
-457.0
-380.0
-362.0
-542.0
-470.0
-398.0
-425.0
-434.0
-452.0
-461.0
-470.0
-506.0
-434.0
-461.0
-416.0
-443.0
-452.0
-171.0
-73.0
-208.0
-434.0
-470.0
-362.0
-308.0
-479.0
-443.0
-380.0
-389.0
-353.0
-407.0
-407.0
-434.0
-506.0
-425.0
-452.0
-398.0
-389.0
-398.0
-91.0
-216.0
-515.0
-488.0
-416.0
-470.0
-380.0
-362.0
-362.0
-308.0
-443.0
-524.0
-425.0
-443.0
-389.0
-425.0
-398.0
-425.0
-45.0
-362.0
-497.0
-407.0
-398.0
-443.0
-309.0
-335.0
-353.0
-425.0
-470.0
-371.0
-335.0
-389.0
-389.0
-344.0
-389.0
-353.0
-389.0
-353.0
-371.0
-434.0
-362.0
-353.0
-107.0
-344.0
-299.0
-335.0
-371.0
-398.0
-443.0
-335.0
-63.0
-407.0
-344.0
-443.0
-452.0
-398.0
-344.0
-281.0
-380.0
-40.0
-344.0
-17.0
-371.0
-407.0
-353.0
-308.0
-362.0
-506.0
-317.0
-416.0
-344.0
-371.0
-2.0
-344.0
-62.0
-53.0
-335.0
-416.0
-326.0
-14.0
-47.0
-353.0
-335.0
-425.0
-335.0
-353.0
-407.0
-416.0
-425.0
-398.0
-326.0
-353.0
8.0
-71.0
-326.0
-407.0
-371.0
-326.0
-389.0
4.0
-362.0
-353.0
0.0
-40.0
-398.0
-136.0
-407.0
-335.0
-335.0
-10.0
-28.0
-325.0
-389.0
-452.0
-7.0
-326.0
-242.0
-54.0
-371.0
-317.0
-20.0
-1.0
-167.0
-344.0
-398.0
-123.0
-353.0
-380.0
-317.0
-33.0
4.0
-335.0
-159.0
-18.0
-251.0
-112.0
-140.0
-75.0
-1.0
-123.0
-310.0
-344.0
-389.0
-39.0
-46.0
-190.0
-371.0
-407.0
-21.0
-434.0
-105.0
-75.0
8.0
-106.0
-371.0
-371.0
-14.0
-344.0
-137.0
-335.0
-353.0
-344.0
-84.0
5.0
-61.0
-20.0
-23.0
-299.0
-380.0
-27.0
-281.0
-380.0
-4.0
-398.0
-344.0
-5.0
-272.0
-353.0
-362.0
-380.0
-344.0
-344.0
-371.0
-50.0
-353.0
-407.0
-335.0
-317.0
-335.0
-326.0
-380.0
-308.0
-326.0
8.0
-362.0
-87.0
-118.0
-9.0
-398.0
-77.0
-161.0
-416.0
-362.0
-54.0
-36.0
-44.0
-398.0
-308.0
-16.0
-37.0
-326.0
-308.0
-105.0
-1.0
-9.0
-5.0
-61.0
3.0
-416.0
-108.0
-152.0
-326.0
14.0
-43.0
-6.0
-152.0
-124.0
-4.0
-8.0
-19.0
-44.0
-5.0
6.0
-8.0
-4.0
-134.0
-299.0
-10.0
6.0
4.0
-8.0
-37.0
5.0
-12.0
0.0
0.0
-258.0
-93.0
-67.0
-8.0
7.0
3.0
-26.0
4.0
2.0
-3.0
-11.0
-6.0
-380.0
-1.0
-56.0
6.0
-416.0
-16.0
2.0
-6.0
-22.0
-344.0
-62.0
-24.0
-11.0
-5.0
-22.0
-139.0
-6.0
-29.0
8.0
-29.0
-194.0
-9.0
-15.0
-281.0
-22.0
0.0
7.0
-1.0
-281.0
-13.0
7.0
-81.0
-267.0
-18.0
-33.0
-1.0
-168.0
6.0
3.0
3.0
-8.0
4.0
-4.0
3.0
-4.0
-38.0
-37.0
-33.0
9.0
2.0
4.0
-15.0
-5.0
-25.0
-380.0
-326.0
-15.0
-22.0
0.0
8.0
3.0
-30.0
11.0
-14.0
-16.0
0.0
11.0
-7.0
9.0
-14.0
-4.0
-11.0
-24.0
-7.0
-6.0
5.0
-131.0
-177.0
-30.0
-18.0
-2.0
7.0
-3.0
-4.0
-7.0
-54.0
7.0
-23.0
-2.0
-15.0
-26.0
-12.0
-17.0
-2.0
-3.0
10.0
-4.0
7.0
-9.0
-10.0
-100.0
-20.0
-113.0
-28.0
4.0
8.0
0.0
-12.0
-4.0
-163.0
4.0
-19.0
-1.0
-10.0
-3.0
5.0
11.0
4.0
-26.0
-9.0
-7.0
3.0
12.0
-3.0
-97.0
2.0
-4.0
8.0
-28.0
-34.0
-14.0
-20.0
8.0
-17.0
-21.0
9.0
10.0
-1.0
6.0
3.0
-7.0
7.0
-14.0
8.0
0.0
-1.0
-57.0
-3.0
9.0
-16.0
-9.0
-14.0
2.0
11.0
10.0
2.0
1.0
-69.0
-21.0
3.0
-38.0
-3.0
9.0
-34.0
-4.0
8.0
11.0
-8.0
-11.0
-22.0
11.0
-6.0
12.0
-7.0
7.0
9.0
6.0
-4.0
-19.0
-14.0
-1.0
2.0
-16.0
-23.0
6.0
-2.0
7.0
-1.0
-27.0
-24.0
-4.0
-4.0
-4.0
9.0
4.0
-4.0
-37.0
5.0
-8.0
5.0
-7.0
-24.0
-51.0
-50.0
1.0
2.0
-27.0
7.0
4.0
-6.0
-38.0
-16.0
-10.0
5.0
4.0
-18.0
6.0
-7.0
-30.0
-23.0
0.0
3.0
-4.0
-9.0
-8.0
6.0
-1.0
-2.0
5.0
-5.0
8.0
9.0
-17.0
-3.0
8.0
-13.0
2.0
3.0
-4.0
-1.0
2.0
10.0
-4.0
9.0
6.0
2.0
-5.0
-25.0
8.0
0.0
1.0
2.0
6.0
9.0
7.0
13.0
-25.0
5.0
-9.0
12.0
-28.0
1.0
2.0
9.0
-3.0
7.0
-46.0
-17.0
-9.0
-5.0
-15.0
-24.0
7.0
13.0
2.0
11.0
-9.0
-17.0
-4.0
1.0
-31.0
11.0
9.0
-4.0
0.0
-2.0
-6.0
14.0
9.0
5.0
-47.0
8.0
-4.0
-7.0
9.0
13.0
9.0
-13.0
8.0
-5.0
-11.0
0.0
-2.0
0.0
1.0
-55.0
-5.0
-7.0
6.0
4.0
8.0
-11.0
-19.0
3.0
-29.0
3.0
8.0
2.0
-13.0
-4.0
-1.0
6.0
8.0
7.0
6.0
-5.0
-11.0
5.0
4.0
-3.0
-12.0
7.0
-27.0
4.0
0.0
7.0
7.0
9.0
-8.0
11.0
10.0
1.0
5.0
11.0
-12.0
-39.0
7.0
5.0
-28.0
8.0
11.0
4.0
8.0
-7.0
9.0
8.0
10.0
14.0
-13.0
7.0
8.0
-5.0
3.0
-3.0
-51.0
10.0
3.0
-7.0
8.0
8.0
-1.0
1.0
2.0
4.0
5.0
2.0
-6.0
-9.0
10.0
3.0
-1.0
-3.0
6.0
-10.0
-1.0
10.0
6.0
-7.0
8.0
10.0
3.0
3.0
5.0
-4.0
-5.0
11.0
6.0
14.0
2.0
2.0
8.0
-1.0
15.0
8.0
11.0
4.0
3.0
6.0
-10.0
-15.0
-30.0
-6.0
5.0
-5.0
-2.0
7.0
3.0
6.0
10.0
9.0
5.0
7.0
8.0
8.0
-19.0
4.0
7.0
-9.0
-3.0
-5.0
4.0
5.0
9.0
1.0
8.0
3.0
-6.0
8.0
8.0
3.0
2.0
-7.0
-27.0
12.0
-12.0
10.0
9.0
-1.0
6.0
8.0
8.0
-5.0
3.0
14.0
8.0
4.0
-1.0
1.0
1.0
-18.0
11.0
14.0
5.0
-10.0
14.0
-3.0
9.0
-10.0
12.0
6.0
10.0
-3.0
-5.0
5.0
4.0
10.0
0.0
-9.0
-20.0
-4.0
4.0
-6.0
10.0
-4.0
11.0
-5.0
-15.0
6.0
6.0
3.0
-15.0
6.0
5.0
6.0
-3.0
-7.0
11.0
3.0
-3.0
-3.0
12.0
-12.0
7.0
1.0
-4.0
-7.0
-24.0
13.0
-6.0
-7.0
7.0
5.0
12.0
5.0
-8.0
-10.0
2.0
9.0
4.0
9.0
2.0
3.0
-1.0
7.0
-5.0
-4.0
-17.0
11.0
8.0
12.0
-5.0
-2.0
4.0
8.0
-18.0
13.0
7.0
-70.0
14.0
5.0
-25.0
8.0
0.0
3.0
12.0
10.0
-7.0
0.0
2.0
5.0
10.0
-14.0
10.0
-6.0
7.0
9.0
0.0
2.0
8.0
1.0
-3.0
5.0
-2.0
10.0
8.0
6.0
10.0
-6.0
10.0
-24.0
6.0
8.0
-6.0
14.0
7.0
8.0
8.0
5.0
7.0
2.0
7.0
4.0
10.0
15.0
10.0
11.0
11.0
8.0
2.0
3.0
12.0
10.0
-114.0
0.0
-8.0
9.0
1.0
-11.0
12.0
-7.0
-2.0
9.0
-3.0
-1.0
8.0
11.0
13.0
11.0
12.0
-2.0
8.0
-3.0
-3.0
9.0
8.0
6.0
7.0
7.0
14.0
-29.0
8.0
4.0
4.0
-6.0
7.0
8.0
6.0
4.0
2.0
6.0
5.0
6.0
5.0
-2.0
10.0
9.0
8.0
15.0
-10.0
-2.0
12.0
-2.0
10.0
8.0
9.0
9.0
11.0
0.0
8.0
-3.0
10.0
10.0
5.0
9.0
-2.0
12.0
6.0
2.0
-15.0
8.0
10.0
1.0
7.0
6.0
9.0
14.0
9.0
-3.0
8.0
4.0
-14.0
12.0
6.0
6.0
-1.0
11.0
8.0
8.0
0.0
0.0
7.0
9.0
3.0
-8.0
8.0
-6.0
-7.0
8.0
6.0
10.0
-7.0
6.0
7.0
4.0
12.0
7.0
7.0
7.0
2.0
8.0
-6.0
5.0
9.0
-8.0
-2.0
10.0
7.0
8.0
8.0
12.0
8.0
4.0
11.0
11.0
9.0
-16.0
12.0
9.0
1.0
13.0
6.0
11.0
4.0
2.0
12.0
6.0
6.0
8.0
5.0
4.0
9.0
9.0
-2.0
-9.0
4.0
9.0
-2.0
2.0
5.0
4.0
12.0
1.0
10.0
9.0
4.0
10.0
-6.0
7.0
5.0
7.0
-14.0
-2.0
11.0
10.0
5.0
-5.0
9.0
-4.0
8.0
5.0
11.0
8.0
3.0
9.0
5.0
8.0
-3.0
8.0
2.0
-15.0
8.0
10.0
10.0
4.0
-11.0
8.0
11.0
9.0
10.0
5.0
5.0
11.0
10.0
6.0
2.0
-7.0
0.0
-2.0
8.0
13.0
7.0
10.0
1.0
11.0
5.0
9.0
11.0
6.0
5.0
-2.0
10.0
6.0
13.0
-8.0
-18.0
5.0
11.0
4.0
8.0
6.0
4.0
7.0
7.0
-6.0
5.0
13.0
14.0
4.0
-4.0
7.0
7.0
5.0
2.0
-1.0
9.0
6.0
8.0
7.0
6.0
6.0
4.0
7.0
8.0
12.0
5.0
8.0
3.0
8.0
2.0
6.0
7.0
7.0
4.0
5.0
7.0
1.0
10.0
9.0
15.0
13.0
5.0
2.0
3.0
-7.0
3.0
8.0
1.0
-3.0
7.0
-6.0
11.0
8.0
8.0
10.0
11.0
6.0
9.0
12.0
9.0
8.0
10.0
6.0
3.0
5.0
7.0
8.0
10.0
7.0
3.0
7.0
-7.0
4.0
7.0
11.0
9.0
8.0
11.0
10.0
14.0
3.0
4.0
3.0
9.0
12.0
3.0
7.0
11.0
7.0
9.0
12.0
5.0
13.0
9.0
-8.0
7.0
5.0
8.0
10.0
12.0
6.0
9.0
10.0
4.0
13.0
14.0
9.0
10.0
8.0
0.0
7.0
6.0
8.0
4.0
8.0
14.0
3.0
7.0
7.0
10.0
-15.0
12.0
7.0
7.0
6.0
9.0
7.0
3.0
5.0
10.0
1.0
4.0
9.0
5.0
7.0
9.0
9.0
6.0
6.0
10.0
-20.0
9.0
7.0
5.0
8.0
8.0
8.0
10.0
1.0
9.0
4.0
8.0
10.0
13.0
8.0
8.0
-2.0
6.0
9.0
5.0
5.0
7.0
8.0
-1.0
8.0
4.0
4.0
11.0
5.0
7.0
5.0
3.0
8.0
12.0
4.0
-3.0
4.0
12.0
-3.0
10.0
9.0
4.0
9.0
9.0
-23.0
11.0
7.0
5.0
10.0
9.0
-28.0
10.0
-2.0
5.0
4.0
7.0
11.0
8.0
5.0
7.0
8.0
4.0
6.0
0.0
15.0
7.0
12.0
8.0
9.0
3.0
7.0
4.0
3.0
7.0
10.0
2.0
7.0
7.0
10.0
11.0
10.0
12.0
-1.0
8.0
7.0
8.0
9.0
8.0
-4.0
11.0
2.0
9.0
13.0
10.0
2.0
13.0
6.0
9.0
8.0
8.0
9.0
6.0
9.0
12.0
5.0
8.0
8.0
1.0
11.0
8.0
5.0
8.0
7.0
3.0
-15.0
0.0
7.0
9.0
7.0
5.0
10.0
5.0
5.0
3.0
8.0
8.0
8.0
12.0
7.0
8.0
13.0
9.0
-4.0
5.0
7.0
-3.0
-3.0
4.0
10.0
1.0
12.0
7.0
6.0
7.0
9.0
7.0
-2.0
5.0
-2.0
6.0
8.0
4.0
1.0
4.0
8.0
2.0
9.0
4.0
10.0
10.0
9.0
5.0
3.0
7.0
-4.0
10.0
7.0
11.0
10.0
5.0
7.0
10.0
5.0
-5.0
9.0
6.0
7.0
12.0
7.0
-6.0
8.0
7.0
-7.0
-2.0
4.0
9.0
8.0
1.0
14.0
6.0
7.0
10.0
-4.0
1.0
9.0
7.0
0.0
10.0
10.0
11.0
10.0
1.0
5.0
7.0
11.0
-3.0
5.0
12.0
9.0
10.0
11.0
7.0
6.0
7.0
13.0
8.0
11.0
10.0
7.0
6.0
7.0
15.0
8.0
12.0
4.0
11.0
9.0
7.0
8.0
9.0
9.0
10.0
13.0
7.0
7.0
8.0
12.0
8.0
2.0
-8.0
5.0
9.0
8.0
8.0
3.0
6.0
4.0
11.0
5.0
9.0
5.0
5.0
5.0
8.0
2.0
6.0
12.0
10.0
-6.0
7.0
4.0
6.0
11.0
13.0
10.0
11.0
7.0
9.0
9.0
10.0
4.0
9.0
10.0
7.0
5.0
13.0
5.0
8.0
4.0
8.0
11.0
14.0
4.0
5.0
3.0
8.0
12.0
11.0
2.0
5.0
7.0
9.0
11.0
5.0
3.0
10.0
12.0
13.0
7.0
-14.0
10.0
9.0
2.0
11.0
-1.0
7.0
5.0
2.0
10.0
11.0
7.0
6.0
8.0
12.0
9.0
11.0
6.0
9.0
7.0
11.0
7.0
4.0
2.0
10.0
6.0
6.0
9.0
6.0
5.0
9.0
11.0
12.0
5.0
7.0
14.0
10.0
7.0
10.0
9.0
10.0
8.0
5.0
9.0
5.0
8.0
-11.0
9.0
8.0
3.0
3.0
5.0
10.0
9.0
6.0
3.0
3.0
13.0
14.0
11.0
10.0
9.0
6.0
10.0
7.0
9.0
5.0
9.0
7.0
5.0
5.0
4.0
1.0
8.0
8.0
6.0
3.0
5.0
0.0
12.0
9.0
6.0
9.0
5.0
5.0
9.0
-2.0
8.0
6.0
7.0
7.0
5.0
9.0
7.0
11.0
7.0
13.0
8.0
7.0
7.0
5.0
9.0
12.0
4.0
9.0
5.0
10.0
14.0
9.0
8.0
6.0
9.0
4.0
8.0
11.0
4.0
8.0
5.0
5.0
4.0
8.0
8.0
5.0
7.0
8.0
0.0
-4.0
6.0
11.0
13.0
12.0
8.0
8.0
-3.0
7.0
10.0
14.0
4.0
9.0
10.0
0.0
6.0
6.0
5.0
3.0
11.0
8.0
7.0
7.0
6.0
10.0
5.0
5.0
4.0
4.0
8.0
4.0
7.0
7.0
5.0
8.0
10.0
7.0
11.0
10.0
8.0
0.0
11.0
10.0
5.0
11.0
12.0
11.0
9.0
8.0
9.0
9.0
6.0
9.0
5.0
4.0
11.0
13.0
12.0
2.0
13.0
3.0
11.0
6.0
8.0
8.0
6.0
9.0
5.0
8.0
9.0
4.0
5.0
9.0
6.0
5.0
6.0
6.0
2.0
7.0
3.0
7.0
7.0
14.0
10.0
7.0
7.0
8.0
10.0
11.0
8.0
8.0
1.0
8.0
8.0
11.0
10.0
-5.0
5.0
14.0
8.0
6.0
11.0
5.0
-2.0
12.0
10.0
9.0
9.0
13.0
10.0
9.0
7.0
7.0
11.0
10.0
8.0
5.0
6.0
10.0
11.0
8.0
6.0
6.0
5.0
8.0
9.0
8.0
-5.0
7.0
6.0
7.0
10.0
7.0
5.0
7.0
5.0
11.0
8.0
3.0
4.0
13.0
3.0
13.0
7.0
10.0
7.0
10.0
7.0
7.0
6.0
-1.0
11.0
7.0
8.0
-6.0
7.0
3.0
7.0
10.0
11.0
5.0
10.0
7.0
6.0
5.0
12.0
7.0
6.0
5.0
9.0
6.0
5.0
7.0
-7.0
7.0
9.0
10.0
4.0
10.0
6.0
7.0
9.0
5.0
7.0
8.0
6.0
9.0
11.0
-8.0
11.0
10.0
5.0
6.0
5.0
10.0
3.0
5.0
7.0
11.0
8.0
10.0
5.0
8.0
13.0
7.0
11.0
10.0
6.0
5.0
13.0
8.0
5.0
9.0
10.0
4.0
7.0
6.0
6.0
8.0
6.0
8.0
9.0
4.0
8.0
4.0
10.0
5.0
4.0
8.0
2.0
15.0
9.0
5.0
7.0
3.0
2.0
6.0
13.0
11.0
8.0
13.0
4.0
7.0
-2.0
6.0
8.0
11.0
9.0
-5.0
4.0
4.0
8.0
6.0
10.0
6.0
7.0
10.0
10.0
5.0
9.0
8.0
10.0
8.0
6.0
11.0
9.0
10.0
11.0
8.0
5.0
5.0
6.0
6.0
6.0
6.0
9.0
14.0
5.0
9.0
3.0
8.0
-4.0
7.0
11.0
9.0
5.0
2.0
7.0
11.0
11.0
7.0
9.0
8.0
6.0
-4.0
10.0
7.0
4.0
6.0
10.0
6.0
12.0
10.0
7.0
8.0
8.0
10.0
9.0
1.0
4.0
6.0
2.0
13.0
7.0
-5.0
8.0
7.0
4.0
11.0
9.0
8.0
8.0
5.0
5.0
4.0
12.0
10.0
10.0
9.0
8.0
3.0
8.0
9.0
4.0
9.0
7.0
3.0
5.0
7.0
7.0
9.0
9.0
12.0
11.0
14.0
10.0
6.0
14.0
6.0
6.0
-5.0
7.0
2.0
12.0
4.0
12.0
11.0
9.0
7.0
10.0
9.0
9.0
1.0
10.0
7.0
6.0
11.0
7.0
10.0
11.0
10.0
10.0
5.0
6.0
10.0
8.0
7.0
10.0
8.0
8.0
9.0
8.0
3.0
9.0
5.0
8.0
4.0
11.0
4.0
12.0
6.0
11.0
7.0
5.0
7.0
4.0
-6.0
10.0
-3.0
14.0
-2.0
12.0
6.0
10.0
10.0
11.0
8.0
11.0
8.0
10.0
12.0
4.0
8.0
8.0
5.0
5.0
3.0
4.0
7.0
10.0
10.0
8.0
9.0
8.0
4.0
11.0
5.0
9.0
5.0
10.0
13.0
5.0
7.0
7.0
12.0
10.0
7.0
11.0
8.0
4.0
1.0
13.0
-8.0
5.0
-3.0
9.0
8.0
6.0
6.0
9.0
11.0
8.0
0.0
8.0
10.0
8.0
10.0
10.0
10.0
4.0
6.0
9.0
6.0
9.0
12.0
7.0
8.0
11.0
6.0
8.0
5.0
11.0
9.0
7.0
5.0
5.0
14.0
5.0
11.0
8.0
8.0
9.0
8.0
9.0
8.0
1.0
14.0
9.0
9.0
7.0
7.0
7.0
3.0
9.0
5.0
6.0
7.0
9.0
6.0
7.0
7.0
8.0
8.0
11.0
10.0
6.0
3.0
10.0
9.0
11.0
9.0
10.0
9.0
14.0
2.0
7.0
5.0
6.0
10.0
9.0
11.0
10.0
9.0
3.0
7.0
10.0
9.0
8.0
9.0
5.0
8.0
6.0
11.0
7.0
-6.0
8.0
5.0
6.0
6.0
11.0
6.0
12.0
8.0
6.0
-5.0
10.0
9.0
13.0
9.0
5.0
8.0
5.0
10.0
9.0
4.0
9.0
4.0
7.0
11.0
6.0
6.0
9.0
11.0
7.0
5.0
5.0
6.0
5.0
11.0
4.0
7.0
9.0
2.0
4.0
4.0
11.0
6.0
9.0
4.0
9.0
8.0
6.0
5.0
7.0
9.0
4.0
6.0
6.0
12.0
8.0
8.0
8.0
13.0
6.0
7.0
11.0
11.0
10.0
7.0
3.0
6.0
8.0
10.0
8.0
3.0
6.0
8.0
-2.0
4.0
13.0
11.0
15.0
7.0
8.0
14.0
4.0
10.0
6.0
8.0
5.0
7.0
13.0
10.0
-4.0
8.0
9.0
9.0
7.0
11.0
8.0
6.0
15.0
5.0
10.0
7.0
11.0
8.0
9.0
5.0
0.0
9.0
8.0
6.0
8.0
7.0
7.0
6.0
10.0
8.0
4.0
8.0
5.0
6.0
10.0
5.0
-2.0
9.0
7.0
-2.0
9.0
9.0
8.0
9.0
9.0
6.0
5.0
8.0
9.0
12.0
5.0
5.0
12.0
6.0
7.0
9.0
9.0
10.0
8.0
4.0
5.0
4.0
6.0
13.0
6.0
9.0
10.0
9.0
8.0
12.0
6.0
7.0
7.0
10.0
9.0
11.0
6.0
8.0
9.0
6.0
8.0
9.0
3.0
10.0
6.0
1.0
8.0
6.0
11.0
10.0
5.0
11.0
6.0
8.0
8.0
8.0
6.0
4.0
8.0
14.0
7.0
5.0
10.0
3.0
9.0
4.0
15.0
7.0
3.0
6.0
11.0
9.0
6.0
3.0
9.0
11.0
9.0
6.0
7.0
4.0
9.0
3.0
7.0
7.0
7.0
10.0
8.0
9.0
8.0
10.0
11.0
8.0
5.0
3.0
10.0
7.0
9.0
8.0
6.0
10.0
9.0
10.0
8.0
9.0
9.0
8.0
13.0
13.0
6.0
4.0
11.0
10.0
9.0
9.0
4.0
5.0
4.0
6.0
4.0
10.0
10.0
11.0
6.0
4.0
8.0
9.0
7.0
13.0
8.0
10.0
10.0
8.0
9.0
7.0
8.0
8.0
5.0
9.0
5.0
4.0
9.0
5.0
8.0
5.0
6.0
13.0
1.0
15.0
7.0
10.0
9.0
5.0
8.0
-3.0
9.0
9.0
11.0
5.0
6.0
9.0
7.0
3.0
8.0
5.0
10.0
9.0
7.0
4.0
12.0
10.0
8.0
12.0
10.0
10.0
8.0
9.0
7.0
4.0
11.0
4.0
9.0
5.0
10.0
4.0
5.0
11.0
5.0
10.0
6.0
5.0
11.0
8.0
9.0
5.0
3.0
10.0
5.0
10.0
7.0
11.0
9.0
12.0
7.0
6.0
11.0
4.0
-1.0
8.0
12.0
9.0
7.0
3.0
14.0
11.0
4.0
14.0
10.0
6.0
8.0
9.0
6.0
9.0
14.0
7.0
8.0
11.0
9.0
9.0
7.0
6.0
10.0
8.0
10.0
7.0
10.0
7.0
10.0
2.0
-1.0
9.0
4.0
9.0
10.0
9.0
6.0
8.0
11.0
7.0
7.0
9.0
8.0
5.0
11.0
6.0
11.0
6.0
15.0
6.0
9.0
13.0
12.0
