-668.0
-794.0
-785.0
-740.0
-758.0
-812.0
-758.0
-857.0
-866.0
-839.0
-812.0
-740.0
-893.0
-875.0
-884.0
-758.0
-830.0
-875.0
-794.0
-857.0
-785.0
-785.0
-839.0
-740.0
-875.0
-857.0
-794.0
-830.0
-812.0
-947.0
-857.0
-839.0
-884.0
-776.0
-902.0
-857.0
-929.0
-803.0
-893.0
-668.0
-695.0
-767.0
-722.0
-749.0
-794.0
-747.0
-803.0
-821.0
-740.0
-587.0
-686.0
-632.0
-758.0
-704.0
-812.0
-677.0
-704.0
-740.0
-668.0
-731.0
-731.0
-758.0
-758.0
-731.0
-659.0
-641.0
-722.0
-601.0
-785.0
-378.0
-794.0
-713.0
-722.0
-587.0
-767.0
-812.0
-803.0
-803.0
-329.0
-659.0
-812.0
-614.0
-641.0
-569.0
-677.0
-731.0
-551.0
-812.0
-776.0
-767.0
-659.0
-632.0
-605.0
-740.0
-740.0
-632.0
-713.0
-722.0
-578.0
-677.0
-794.0
-614.0
-484.0
-740.0
-605.0
-302.0
-614.0
-677.0
-713.0
-614.0
-686.0
-722.0
-686.0
-668.0
-650.0
-677.0
-668.0
-668.0
-758.0
-569.0
-713.0
-569.0
-632.0
-668.0
-659.0
-740.0
-506.0
-650.0
-695.0
-695.0
-605.0
-650.0
-52.0
-578.0
-668.0
-569.0
-596.0
-677.0
-686.0
-668.0
-605.0
-587.0
-614.0
-542.0
-641.0
-551.0
-623.0
-578.0
-524.0
-596.0
-641.0
-659.0
-533.0
-650.0
-614.0
-641.0
-614.0
-551.0
-641.0
-668.0
-371.0
-632.0
-641.0
-515.0
-695.0
-596.0
-632.0
-596.0
-623.0
-659.0
-623.0
-587.0
-650.0
-605.0
-686.0
-641.0
-605.0
-686.0
-524.0
-587.0
-614.0
-632.0
-605.0
-605.0
-560.0
-596.0
-569.0
-560.0
-542.0
-379.0
-650.0
-533.0
-587.0
-569.0
-68.0
-524.0
-560.0
-578.0
-497.0
-488.0
-515.0
-578.0
-641.0
-78.0
-533.0
-515.0
-668.0
-596.0
-506.0
-614.0
-578.0
-623.0
-614.0
-632.0
-569.0
-578.0
-515.0
-506.0
-533.0
-641.0
-524.0
-533.0
-623.0
-578.0
-623.0
-614.0
-461.0
-542.0
-551.0
-551.0
-515.0
-524.0
-596.0
-632.0
-497.0
-623.0
-515.0
-596.0
-578.0
-668.0
-542.0
-416.0
-578.0
-497.0
-515.0
-488.0
-488.0
-614.0
-551.0
-551.0
-515.0
-202.0
-542.0
-376.0
-578.0
-452.0
-605.0
-488.0
-605.0
-659.0
-479.0
-569.0
-605.0
-560.0
-560.0
-533.0
-479.0
-488.0
-614.0
-524.0
-524.0
-569.0
-452.0
-434.0
-569.0
-443.0
-470.0
-470.0
-677.0
-443.0
-605.0
-479.0
-542.0
-488.0
-524.0
-425.0
-578.0
-569.0
-524.0
-569.0
-569.0
-425.0
-524.0
-551.0
-596.0
-497.0
-542.0
-605.0
-560.0
-533.0
-281.0
-560.0
-569.0
-524.0
-533.0
-524.0
-524.0
-578.0
-587.0
-461.0
-316.0
-461.0
-461.0
-515.0
-461.0
-461.0
-506.0
-668.0
-551.0
-569.0
-551.0
-506.0
-452.0
-287.0
-488.0
-560.0
-506.0
-551.0
-515.0
-461.0
-479.0
-488.0
-190.0
-506.0
-515.0
-461.0
-488.0
-479.0
-461.0
-542.0
-542.0
-398.0
-398.0
-470.0
-434.0
-389.0
-578.0
-524.0
-497.0
-452.0
-542.0
-506.0
-524.0
-470.0
-479.0
-497.0
-434.0
-461.0
-284.0
-596.0
-470.0
-235.0
-461.0
-506.0
-398.0
-380.0
-443.0
-371.0
-587.0
-479.0
-479.0
-470.0
-542.0
-380.0
-470.0
-551.0
-434.0
-434.0
-542.0
-488.0
-294.0
-515.0
-524.0
-389.0
-461.0
-389.0
-75.0
-524.0
-497.0
-551.0
-479.0
-416.0
-506.0
-452.0
-443.0
-443.0
-389.0
-389.0
-389.0
-302.0
-461.0
-380.0
-425.0
-479.0
-434.0
-470.0
-173.0
-452.0
-425.0
-452.0
-515.0
-533.0
-443.0
-398.0
-434.0
-488.0
-389.0
-515.0
-461.0
-425.0
-515.0
-533.0
-452.0
-371.0
-434.0
-452.0
-434.0
-461.0
-308.0
-398.0
-479.0
-524.0
-362.0
-407.0
-407.0
-389.0
-542.0
-389.0
-317.0
-461.0
-479.0
-51.0
-380.0
-299.0
-269.0
-407.0
-416.0
-371.0
-362.0
-344.0
-353.0
-303.0
-407.0
-407.0
-380.0
-425.0
-380.0
-398.0
-380.0
-121.0
-407.0
-461.0
-479.0
-67.0
-389.0
-479.0
-452.0
-344.0
-254.0
-362.0
-398.0
-452.0
-255.0
-308.0
-434.0
-377.0
-281.0
-434.0
-416.0
-61.0
-398.0
-62.0
-362.0
-276.0
-137.0
-443.0
-479.0
-335.0
3.0
-325.0
-407.0
-398.0
-332.0
-569.0
-335.0
-434.0
-389.0
-299.0
-398.0
-353.0
-380.0
-443.0
-371.0
-380.0
-461.0
-425.0
-398.0
-416.0
-371.0
-380.0
-389.0
-515.0
-425.0
-166.0
-416.0
-362.0
-443.0
-389.0
-461.0
-362.0
-461.0
-434.0
-371.0
-335.0
-344.0
-299.0
-434.0
-470.0
-479.0
-398.0
-344.0
-389.0
-362.0
-425.0
-416.0
-371.0
-308.0
-362.0
-380.0
-416.0
-434.0
-326.0
-407.0
-353.0
-380.0
-344.0
-434.0
-344.0
-380.0
-371.0
-416.0
-389.0
-452.0
-416.0
-299.0
-353.0
-281.0
-353.0
-371.0
-263.0
-317.0
-416.0
-371.0
-389.0
-452.0
-317.0
-371.0
-362.0
-398.0
-416.0
-344.0
-389.0
-407.0
-308.0
-380.0
-317.0
-353.0
-389.0
-425.0
-353.0
-389.0
-425.0
-389.0
-371.0
-425.0
-398.0
-362.0
-335.0
-362.0
-461.0
-335.0
-317.0
-407.0
-425.0
-362.0
-371.0
-389.0
-407.0
-407.0
-1.0
-353.0
-299.0
-344.0
-335.0
-40.0
-17.0
-344.0
-335.0
-308.0
-326.0
-335.0
-398.0
-380.0
-335.0
-9.0
-97.0
-353.0
-362.0
-6.0
-380.0
-353.0
-19.0
-389.0
-389.0
-79.0
-335.0
-281.0
-344.0
-317.0
-21.0
-54.0
-326.0
7.0
-362.0
-335.0
-6.0
-335.0
-362.0
-308.0
-362.0
-326.0
-317.0
-13.0
-290.0
-272.0
-371.0
-317.0
-353.0
-362.0
-362.0
-33.0
-308.0
-326.0
0.0
-87.0
-281.0
-344.0
-16.0
-389.0
2.0
-75.0
-371.0
-130.0
-230.0
-115.0
1.0
-299.0
-371.0
-72.0
-219.0
-326.0
-353.0
-123.0
-299.0
-371.0
-389.0
-344.0
-371.0
-344.0
-209.0
-344.0
-308.0
-317.0
-344.0
-380.0
-398.0
-344.0
-317.0
-279.0
-380.0
-14.0
-353.0
-380.0
-353.0
-353.0
-48.0
-362.0
-101.0
-132.0
-36.0
-242.0
-335.0
-362.0
-371.0
-389.0
-326.0
-128.0
-317.0
0.0
-290.0
-308.0
-77.0
-17.0
-299.0
-380.0
-371.0
-326.0
-308.0
-272.0
-335.0
-175.0
-308.0
-281.0
-308.0
-326.0
-362.0
-281.0
-30.0
-335.0
-263.0
-290.0
-344.0
-326.0
-299.0
-362.0
-362.0
-371.0
-299.0
-242.0
-380.0
-272.0
-299.0
-353.0
-299.0
-344.0
-353.0
-290.0
-155.0
-425.0
-9.0
-353.0
-362.0
-272.0
-281.0
-308.0
-317.0
-353.0
-308.0
-335.0
-326.0
-281.0
-290.0
-290.0
-317.0
-362.0
-317.0
-353.0
-308.0
-254.0
-290.0
-308.0
-141.0
-272.0
-106.0
-317.0
-299.0
-326.0
-112.0
-1.0
-146.0
-317.0
-299.0
-344.0
-299.0
-335.0
-371.0
-326.0
-60.0
-47.0
-344.0
-362.0
-1.0
-290.0
-335.0
-299.0
7.0
-97.0
-353.0
-245.0
-335.0
-114.0
-100.0
-148.0
-362.0
-299.0
-353.0
-362.0
-317.0
-28.0
-263.0
-299.0
-191.0
-308.0
-5.0
-299.0
-245.0
-353.0
-85.0
-371.0
-317.0
-107.0
-308.0
-362.0
-371.0
-308.0
-344.0
-29.0
13.0
11.0
-6.0
-67.0
-2.0
6.0
5.0
-344.0
-23.0
-308.0
7.0
-57.0
-88.0
-299.0
-308.0
-45.0
-53.0
-113.0
-254.0
-362.0
-290.0
-4.0
-272.0
-14.0
-245.0
-290.0
-16.0
8.0
-281.0
-56.0
-326.0
-83.0
-335.0
8.0
-308.0
-308.0
-26.0
-285.0
-27.0
-299.0
-45.0
-317.0
-88.0
-326.0
0.0
-4.0
-37.0
-110.0
7.0
-335.0
-263.0
-272.0
-308.0
-281.0
-254.0
-5.0
-78.0
-326.0
-272.0
-44.0
-344.0
-23.0
-299.0
-281.0
-101.0
-6.0
-263.0
-263.0
-245.0
-317.0
-335.0
-44.0
-344.0
-245.0
-326.0
-281.0
-290.0
-17.0
-290.0
-227.0
-290.0
-308.0
-30.0
-263.0
-263.0
-236.0
-111.0
-185.0
-299.0
-115.0
-262.0
-88.0
12.0
-308.0
-145.0
-10.0
-51.0
8.0
-43.0
-77.0
-299.0
3.0
-245.0
-281.0
-212.0
-308.0
-308.0
-57.0
-22.0
-254.0
-290.0
-177.0
-317.0
-344.0
-299.0
-178.0
-308.0
-35.0
-254.0
-124.0
-272.0
-290.0
-115.0
-180.0
-143.0
-281.0
-47.0
-299.0
-299.0
-27.0
-263.0
-245.0
-206.0
2.0
-326.0
-236.0
-70.0
-281.0
-299.0
-272.0
-68.0
-326.0
-254.0
-272.0
-263.0
-32.0
-254.0
-263.0
-34.0
-263.0
-23.0
10.0
-281.0
-254.0
-308.0
-263.0
-34.0
-14.0
-44.0
-250.0
-254.0
-15.0
7.0
-69.0
-213.0
-227.0
-290.0
-245.0
-272.0
-7.0
-75.0
-23.0
-175.0
-245.0
-90.0
-82.0
-263.0
-299.0
-21.0
-263.0
-290.0
-236.0
-272.0
-6.0
-56.0
-308.0
-317.0
-254.0
-31.0
-28.0
7.0
-335.0
10.0
-112.0
5.0
8.0
-290.0
12.0
-236.0
-191.0
7.0
-245.0
-281.0
-254.0
-299.0
-200.0
-73.0
-245.0
-3.0
-15.0
-262.0
1.0
1.0
-299.0
10.0
10.0
12.0
-5.0
6.0
-24.0
12.0
-326.0
-290.0
-263.0
1.0
-119.0
-1.0
-133.0
4.0
8.0
-37.0
-49.0
9.0
7.0
-3.0
-26.0
8.0
-263.0
-9.0
-245.0
0.0
-8.0
4.0
-4.0
-3.0
-245.0
-10.0
-245.0
-254.0
-317.0
6.0
-71.0
-7.0
-3.0
-227.0
-236.0
-254.0
12.0
-220.0
-299.0
4.0
6.0
11.0
-170.0
-2.0
10.0
-21.0
-263.0
-200.0
9.0
-263.0
-272.0
-299.0
-236.0
12.0
-7.0
-326.0
1.0
2.0
-8.0
8.0
8.0
-135.0
-175.0
7.0
-72.0
-263.0
-15.0
9.0
-254.0
-107.0
1.0
-245.0
-317.0
0.0
-245.0
-110.0
-236.0
-5.0
-218.0
4.0
-2.0
-263.0
-201.0
-112.0
-156.0
-74.0
-263.0
7.0
-20.0
-245.0
10.0
-254.0
6.0
8.0
-21.0
8.0
-168.0
-6.0
-21.0
-254.0
-161.0
-58.0
5.0
-24.0
5.0
-114.0
10.0
-78.0
-15.0
5.0
-3.0
-5.0
-299.0
-245.0
-236.0
-272.0
-245.0
-72.0
-125.0
-143.0
-227.0
-254.0
-236.0
9.0
-23.0
-227.0
1.0
-69.0
2.0
-254.0
-254.0
-43.0
-254.0
-236.0
-9.0
8.0
-25.0
-29.0
8.0
-68.0
-245.0
6.0
-240.0
5.0
14.0
10.0
-99.0
-77.0
-107.0
7.0
-3.0
-179.0
-50.0
-32.0
0.0
-149.0
3.0
-82.0
1.0
11.0
-56.0
2.0
-67.0
-263.0
-1.0
-4.0
-2.0
-91.0
-16.0
8.0
9.0
-245.0
-26.0
5.0
-254.0
-189.0
-42.0
-28.0
-26.0
-3.0
9.0
-1.0
-192.0
-11.0
-24.0
-11.0
8.0
-272.0
-241.0
0.0
-227.0
4.0
-218.0
4.0
-122.0
-173.0
-22.0
-100.0
-81.0
-114.0
-36.0
-73.0
-84.0
8.0
-254.0
-290.0
-75.0
-91.0
-61.0
-3.0
-236.0
-139.0
-19.0
-4.0
1.0
-11.0
11.0
-263.0
10.0
-109.0
-25.0
-32.0
-142.0
-186.0
-22.0
-281.0
-227.0
-227.0
11.0
-28.0
11.0
-254.0
8.0
9.0
-118.0
-4.0
-17.0
-236.0
-140.0
14.0
5.0
-227.0
-236.0
-227.0
-3.0
-1.0
-192.0
2.0
-111.0
11.0
4.0
-15.0
-32.0
10.0
-5.0
7.0
11.0
-142.0
5.0
1.0
1.0
-254.0
-65.0
-254.0
-236.0
-67.0
-185.0
-28.0
-245.0
-45.0
14.0
11.0
-254.0
-7.0
-49.0
7.0
7.0
7.0
10.0
-142.0
-2.0
6.0
-13.0
-93.0
0.0
-254.0
6.0
-180.0
8.0
-13.0
-17.0
10.0
-148.0
-95.0
9.0
9.0
-13.0
12.0
6.0
-2.0
2.0
4.0
-272.0
-47.0
-149.0
-6.0
-15.0
-5.0
4.0
-218.0
3.0
3.0
1.0
7.0
5.0
-4.0
12.0
7.0
8.0
8.0
10.0
-13.0
10.0
-36.0
-218.0
12.0
-100.0
6.0
3.0
13.0
7.0
6.0
-46.0
10.0
-31.0
-2.0
10.0
-245.0
8.0
-33.0
-245.0
-74.0
8.0
-7.0
-34.0
-9.0
-175.0
-6.0
1.0
9.0
-6.0
13.0
13.0
3.0
-14.0
-9.0
8.0
6.0
6.0
-4.0
5.0
8.0
-86.0
-1.0
-164.0
7.0
7.0
5.0
6.0
-205.0
12.0
10.0
10.0
-218.0
-162.0
7.0
-3.0
5.0
-5.0
-7.0
-154.0
-6.0
-218.0
-200.0
9.0
9.0
-245.0
-16.0
-3.0
4.0
2.0
7.0
-12.0
6.0
10.0
6.0
-9.0
10.0
12.0
-53.0
13.0
6.0
-152.0
-3.0
1.0
6.0
10.0
12.0
3.0
-4.0
6.0
10.0
7.0
4.0
8.0
-1.0
10.0
2.0
6.0
9.0
-1.0
3.0
4.0
9.0
12.0
6.0
14.0
2.0
8.0
6.0
-1.0
4.0
1.0
-15.0
6.0
9.0
5.0
6.0
1.0
11.0
-2.0
11.0
-30.0
-37.0
10.0
-7.0
9.0
4.0
3.0
-2.0
-1.0
8.0
2.0
9.0
5.0
-27.0
6.0
-20.0
-4.0
11.0
11.0
-17.0
-26.0
9.0
-2.0
4.0
7.0
8.0
4.0
-227.0
12.0
9.0
0.0
-4.0
10.0
10.0
12.0
9.0
14.0
-43.0
5.0
9.0
6.0
-1.0
12.0
7.0
7.0
2.0
-114.0
-227.0
2.0
2.0
6.0
5.0
11.0
10.0
-1.0
10.0
10.0
8.0
-27.0
-218.0
11.0
6.0
7.0
7.0
-67.0
6.0
-106.0
10.0
8.0
-2.0
-3.0
7.0
-4.0
8.0
11.0
7.0
1.0
2.0
12.0
-20.0
5.0
9.0
7.0
-72.0
9.0
3.0
8.0
-77.0
-209.0
11.0
-31.0
4.0
9.0
-14.0
9.0
9.0
5.0
14.0
12.0
-227.0
-4.0
8.0
10.0
6.0
-80.0
11.0
-13.0
1.0
3.0
10.0
4.0
7.0
1.0
13.0
-6.0
-5.0
-9.0
-177.0
9.0
9.0
10.0
14.0
13.0
9.0
11.0
10.0
6.0
7.0
7.0
8.0
6.0
11.0
9.0
9.0
7.0
7.0
5.0
8.0
9.0
8.0
-86.0
7.0
6.0
0.0
7.0
5.0
3.0
8.0
7.0
-33.0
-5.0
4.0
8.0
5.0
5.0
7.0
3.0
7.0
-5.0
-23.0
9.0
-15.0
-4.0
9.0
-11.0
-29.0
-24.0
12.0
8.0
8.0
-227.0
-5.0
-80.0
10.0
8.0
-233.0
9.0
9.0
-1.0
-6.0
13.0
-227.0
9.0
7.0
3.0
-16.0
6.0
-263.0
8.0
8.0
-60.0
-200.0
11.0
5.0
7.0
15.0
8.0
7.0
4.0
8.0
8.0
9.0
-40.0
0.0
6.0
9.0
11.0
8.0
5.0
9.0
7.0
10.0
8.0
8.0
12.0
7.0
7.0
11.0
9.0
-4.0
10.0
12.0
4.0
4.0
4.0
10.0
-1.0
12.0
-26.0
-4.0
-64.0
-2.0
-4.0
8.0
11.0
8.0
5.0
-6.0
9.0
9.0
5.0
12.0
5.0
-131.0
13.0
9.0
8.0
10.0
3.0
-82.0
10.0
10.0
10.0
-5.0
7.0
7.0
11.0
3.0
11.0
13.0
0.0
-3.0
6.0
-8.0
8.0
8.0
8.0
5.0
-131.0
10.0
10.0
12.0
0.0
2.0
8.0
12.0
7.0
6.0
5.0
8.0
9.0
6.0
7.0
9.0
-29.0
1.0
8.0
13.0
13.0
-1.0
12.0
5.0
8.0
7.0
10.0
9.0
-2.0
-47.0
3.0
-67.0
5.0
10.0
-8.0
5.0
6.0
9.0
-30.0
-85.0
9.0
6.0
-3.0
10.0
7.0
7.0
11.0
9.0
2.0
-111.0
8.0
9.0
10.0
11.0
10.0
9.0
8.0
8.0
10.0
10.0
-7.0
10.0
-52.0
12.0
8.0
5.0
4.0
-49.0
5.0
6.0
6.0
6.0
8.0
7.0
9.0
8.0
10.0
8.0
8.0
5.0
5.0
5.0
10.0
-2.0
8.0
10.0
-46.0
7.0
3.0
5.0
12.0
9.0
6.0
8.0
8.0
-1.0
9.0
7.0
-289.0
5.0
2.0
6.0
9.0
10.0
4.0
5.0
10.0
6.0
7.0
7.0
-2.0
9.0
-7.0
8.0
10.0
8.0
-27.0
11.0
7.0
9.0
4.0
10.0
6.0
-6.0
5.0
-4.0
9.0
-1.0
6.0
4.0
13.0
6.0
9.0
9.0
7.0
-27.0
7.0
8.0
7.0
11.0
9.0
8.0
12.0
-65.0
4.0
6.0
6.0
6.0
7.0
5.0
-12.0
11.0
5.0
5.0
8.0
2.0
-2.0
8.0
0.0
6.0
7.0
6.0
1.0
5.0
-5.0
6.0
-3.0
0.0
6.0
6.0
12.0
8.0
7.0
6.0
8.0
3.0
5.0
5.0
9.0
9.0
5.0
9.0
-47.0
8.0
9.0
11.0
6.0
-97.0
6.0
5.0
9.0
9.0
-218.0
7.0
6.0
5.0
5.0
-25.0
7.0
-200.0
12.0
4.0
7.0
7.0
5.0
4.0
10.0
8.0
10.0
8.0
4.0
7.0
10.0
8.0
5.0
10.0
-13.0
4.0
-1.0
-3.0
2.0
8.0
12.0
11.0
-46.0
-6.0
10.0
9.0
11.0
-5.0
4.0
5.0
-113.0
3.0
14.0
12.0
8.0
7.0
12.0
-11.0
-128.0
7.0
9.0
7.0
6.0
-4.0
4.0
6.0
7.0
11.0
7.0
13.0
10.0
7.0
-1.0
7.0
14.0
-100.0
-5.0
-9.0
-3.0
-4.0
4.0
5.0
12.0
9.0
10.0
10.0
6.0
10.0
-2.0
-227.0
7.0
-200.0
11.0
0.0
6.0
6.0
7.0
5.0
8.0
10.0
10.0
9.0
-158.0
10.0
11.0
6.0
6.0
9.0
5.0
-141.0
-6.0
0.0
5.0
7.0
-34.0
10.0
9.0
9.0
3.0
8.0
9.0
6.0
-200.0
8.0
7.0
7.0
7.0
-67.0
5.0
11.0
7.0
9.0
8.0
12.0
6.0
4.0
7.0
10.0
8.0
8.0
-2.0
9.0
6.0
5.0
5.0
7.0
8.0
-58.0
-4.0
7.0
8.0
13.0
12.0
11.0
8.0
10.0
8.0
9.0
9.0
7.0
10.0
10.0
7.0
5.0
7.0
10.0
-4.0
12.0
5.0
4.0
5.0
8.0
9.0
11.0
4.0
4.0
1.0
10.0
9.0
5.0
8.0
-1.0
-209.0
10.0
-209.0
-4.0
11.0
8.0
8.0
5.0
10.0
8.0
9.0
9.0
10.0
11.0
9.0
-209.0
11.0
9.0
5.0
5.0
8.0
11.0
-9.0
9.0
4.0
14.0
-209.0
5.0
9.0
8.0
7.0
7.0
5.0
9.0
4.0
6.0
-2.0
10.0
12.0
7.0
6.0
12.0
6.0
1.0
14.0
5.0
4.0
10.0
-1.0
5.0
-3.0
8.0
-209.0
9.0
3.0
11.0
9.0
-3.0
8.0
9.0
1.0
8.0
4.0
2.0
10.0
8.0
11.0
10.0
7.0
11.0
-34.0
9.0
-2.0
8.0
10.0
0.0
5.0
11.0
9.0
12.0
10.0
6.0
3.0
11.0
-15.0
7.0
4.0
6.0
4.0
8.0
7.0
8.0
2.0
4.0
10.0
8.0
8.0
9.0
11.0
10.0
12.0
6.0
6.0
9.0
4.0
4.0
6.0
7.0
5.0
8.0
10.0
-209.0
7.0
-1.0
9.0
13.0
8.0
10.0
8.0
6.0
8.0
3.0
4.0
6.0
7.0
13.0
8.0
5.0
7.0
5.0
8.0
11.0
5.0
12.0
7.0
6.0
3.0
10.0
7.0
9.0
8.0
-200.0
8.0
5.0
13.0
8.0
7.0
4.0
13.0
5.0
7.0
10.0
4.0
9.0
4.0
5.0
11.0
7.0
7.0
8.0
11.0
9.0
11.0
12.0
7.0
10.0
5.0
-7.0
10.0
3.0
11.0
6.0
7.0
11.0
11.0
3.0
10.0
9.0
6.0
5.0
7.0
4.0
5.0
-1.0
12.0
9.0
14.0
5.0
5.0
8.0
3.0
7.0
-89.0
3.0
7.0
7.0
6.0
10.0
8.0
-3.0
10.0
8.0
6.0
9.0
5.0
9.0
6.0
6.0
4.0
5.0
7.0
9.0
7.0
8.0
6.0
6.0
6.0
13.0
7.0
4.0
-41.0
7.0
11.0
8.0
5.0
13.0
7.0
-59.0
11.0
-100.0
9.0
9.0
10.0
4.0
11.0
11.0
3.0
11.0
9.0
8.0
7.0
1.0
7.0
4.0
12.0
6.0
8.0
8.0
11.0
11.0
9.0
5.0
4.0
7.0
9.0
7.0
9.0
10.0
-200.0
9.0
-218.0
7.0
2.0
5.0
13.0
6.0
9.0
9.0
7.0
6.0
6.0
-1.0
3.0
4.0
4.0
9.0
8.0
9.0
-3.0
11.0
6.0
9.0
7.0
-7.0
9.0
-119.0
9.0
8.0
7.0
-4.0
11.0
9.0
9.0
9.0
7.0
6.0
7.0
10.0
7.0
5.0
8.0
7.0
12.0
8.0
9.0
11.0
6.0
4.0
7.0
8.0
-54.0
11.0
6.0
8.0
13.0
11.0
8.0
4.0
6.0
12.0
6.0
8.0
5.0
9.0
12.0
14.0
6.0
-37.0
13.0
6.0
-43.0
-218.0
8.0
9.0
5.0
9.0
8.0
3.0
9.0
8.0
10.0
8.0
4.0
8.0
9.0
7.0
7.0
7.0
10.0
7.0
7.0
9.0
7.0
-5.0
-4.0
11.0
-1.0
9.0
5.0
7.0
5.0
10.0
8.0
4.0
6.0
-96.0
-13.0
-24.0
4.0
8.0
6.0
2.0
11.0
9.0
5.0
12.0
8.0
-200.0
-114.0
6.0
-69.0
9.0
3.0
9.0
9.0
7.0
3.0
4.0
-7.0
4.0
3.0
10.0
11.0
11.0
12.0
7.0
9.0
3.0
4.0
10.0
4.0
-209.0
7.0
9.0
11.0
6.0
7.0
5.0
12.0
5.0
10.0
4.0
9.0
8.0
4.0
6.0
11.0
6.0
9.0
9.0
10.0
5.0
11.0
6.0
4.0
8.0
12.0
10.0
11.0
-2.0
7.0
11.0
10.0
8.0
5.0
6.0
3.0
9.0
4.0
6.0
-1.0
7.0
9.0
10.0
12.0
-53.0
6.0
-209.0
8.0
7.0
0.0
4.0
7.0
6.0
5.0
3.0
11.0
7.0
8.0
2.0
9.0
-16.0
4.0
-85.0
7.0
7.0
8.0
7.0
11.0
5.0
5.0
9.0
5.0
8.0
7.0
5.0
7.0
7.0
9.0
11.0
-140.0
7.0
7.0
8.0
9.0
10.0
8.0
8.0
6.0
4.0
11.0
7.0
11.0
6.0
8.0
-68.0
10.0
7.0
4.0
10.0
11.0
10.0
12.0
12.0
3.0
4.0
9.0
5.0
7.0
8.0
5.0
4.0
-19.0
6.0
13.0
9.0
9.0
11.0
5.0
14.0
7.0
11.0
9.0
7.0
9.0
9.0
6.0
7.0
7.0
13.0
8.0
6.0
6.0
9.0
10.0
7.0
8.0
10.0
5.0
10.0
5.0
10.0
9.0
10.0
-4.0
7.0
8.0
4.0
5.0
7.0
7.0
6.0
5.0
5.0
14.0
7.0
5.0
12.0
5.0
8.0
8.0
5.0
6.0
10.0
7.0
8.0
-4.0
-3.0
7.0
7.0
9.0
2.0
11.0
14.0
6.0
11.0
5.0
13.0
10.0
8.0
8.0
6.0
7.0
4.0
7.0
8.0
7.0
4.0
3.0
8.0
7.0
-53.0
10.0
8.0
8.0
9.0
6.0
10.0
5.0
11.0
8.0
10.0
7.0
10.0
5.0
13.0
10.0
4.0
12.0
8.0
8.0
7.0
10.0
10.0
10.0
5.0
7.0
13.0
5.0
6.0
-4.0
5.0
7.0
8.0
7.0
6.0
13.0
5.0
10.0
6.0
11.0
6.0
8.0
11.0
7.0
6.0
6.0
-118.0
11.0
7.0
0.0
6.0
6.0
13.0
10.0
9.0
8.0
8.0
8.0
7.0
6.0
7.0
4.0
12.0
6.0
5.0
7.0
3.0
9.0
11.0
11.0
10.0
6.0
8.0
-43.0
7.0
9.0
9.0
6.0
8.0
8.0
7.0
8.0
6.0
8.0
13.0
12.0
8.0
6.0
9.0
9.0
5.0
8.0
9.0
8.0
9.0
6.0
10.0
6.0
7.0
9.0
6.0
9.0
9.0
8.0
12.0
12.0
4.0
9.0
9.0
8.0
5.0
4.0
7.0
6.0
13.0
10.0
10.0
11.0
-6.0
8.0
3.0
6.0
10.0
5.0
10.0
5.0
7.0
8.0
4.0
8.0
6.0
9.0
15.0
9.0
8.0
4.0
7.0
3.0
4.0
10.0
5.0
6.0
6.0
7.0
3.0
4.0
6.0
9.0
3.0
5.0
5.0
9.0
4.0
8.0
3.0
4.0
8.0
10.0
6.0
10.0
9.0
5.0
13.0
10.0
7.0
11.0
6.0
11.0
12.0
10.0
10.0
7.0
11.0
8.0
9.0
9.0
11.0
9.0
7.0
5.0
5.0
3.0
12.0
8.0
3.0
7.0
11.0
4.0
7.0
11.0
5.0
8.0
11.0
5.0
6.0
4.0
7.0
-109.0
9.0
8.0
14.0
4.0
10.0
15.0
12.0
6.0
8.0
11.0
4.0
5.0
8.0
3.0
7.0
14.0
7.0
8.0
8.0
11.0
7.0
-2.0
7.0
7.0
11.0
4.0
8.0
6.0
6.0
1.0
6.0
5.0
8.0
7.0
8.0
11.0
4.0
4.0
8.0
11.0
-290.0
5.0
6.0
12.0
8.0
7.0
7.0
9.0
7.0
10.0
10.0
5.0
5.0
11.0
6.0
7.0
4.0
8.0
9.0
5.0
5.0
7.0
5.0
8.0
7.0
10.0
10.0
8.0
8.0
9.0
9.0
11.0
10.0
9.0
7.0
7.0
6.0
7.0
-2.0
11.0
6.0
9.0
7.0
4.0
9.0
7.0
9.0
7.0
8.0
6.0
4.0
7.0
10.0
5.0
3.0
5.0
10.0
11.0
10.0
10.0
9.0
11.0
9.0
8.0
9.0
9.0
7.0
6.0
9.0
14.0
7.0
11.0
8.0
11.0
8.0
6.0
8.0
4.0
5.0
7.0
6.0
8.0
5.0
5.0
8.0
6.0
9.0
7.0
9.0
8.0
12.0
8.0
8.0
5.0
7.0
7.0
11.0
4.0
6.0
10.0
4.0
6.0
9.0
6.0
5.0
4.0
9.0
7.0
7.0
9.0
10.0
8.0
8.0
9.0
10.0
5.0
6.0
10.0
6.0
5.0
8.0
9.0
5.0
12.0
14.0
12.0
3.0
6.0
6.0
4.0
10.0
8.0
7.0
9.0
6.0
6.0
7.0
11.0
5.0
5.0
10.0
10.0
7.0
11.0
7.0
5.0
11.0
9.0
8.0
4.0
12.0
7.0
5.0
13.0
13.0
10.0
6.0
11.0
10.0
7.0
10.0
11.0
8.0
5.0
7.0
6.0
10.0
12.0
10.0
8.0
8.0
-5.0
7.0
3.0
10.0
5.0
10.0
8.0
6.0
6.0
7.0
6.0
8.0
7.0
10.0
6.0
5.0
12.0
4.0
7.0
10.0
4.0
6.0
11.0
12.0
8.0
7.0
6.0
8.0
6.0
8.0
6.0
8.0
8.0
5.0
6.0
7.0
4.0
9.0
8.0
12.0
12.0
7.0
5.0
11.0
11.0
10.0
10.0
7.0
7.0
10.0
6.0
10.0
4.0
4.0
12.0
4.0
-1.0
7.0
6.0
7.0
2.0
12.0
-5.0
10.0
4.0
7.0
8.0
7.0
6.0
9.0
12.0
7.0
3.0
8.0
8.0
9.0
6.0
13.0
5.0
11.0
9.0
9.0
5.0
9.0
14.0
9.0
9.0
7.0
5.0
4.0
5.0
3.0
8.0
12.0
7.0
11.0
-98.0
7.0
9.0
2.0
7.0
9.0
9.0
11.0
8.0
9.0
10.0
3.0
8.0
11.0
6.0
10.0
5.0
4.0
13.0
12.0
5.0
9.0
8.0
3.0
10.0
5.0
9.0
7.0
6.0
7.0
7.0
6.0
9.0
8.0
9.0
0.0
10.0
8.0
5.0
10.0
7.0
8.0
8.0
9.0
5.0
8.0
4.0
7.0
14.0
10.0
8.0
9.0
11.0
5.0
9.0
4.0
8.0
7.0
6.0
7.0
4.0
10.0
5.0
5.0
6.0
6.0
6.0
5.0
7.0
9.0
4.0
9.0
5.0
12.0
7.0
10.0
9.0
15.0
7.0
9.0
8.0
7.0
9.0
7.0
9.0
8.0
9.0
12.0
11.0
11.0
5.0
5.0
8.0
11.0
5.0
10.0
9.0
5.0
8.0
8.0
5.0
6.0
8.0
10.0
8.0
5.0
7.0
7.0
7.0
8.0
12.0
5.0
5.0
5.0
10.0
9.0
7.0
6.0
5.0
11.0
9.0
8.0
4.0
8.0
7.0
8.0
5.0
4.0
7.0
10.0
7.0
9.0
7.0
5.0
10.0
7.0
12.0
5.0
6.0
11.0
11.0
14.0
8.0
13.0
5.0
6.0
9.0
8.0
8.0
10.0
13.0
8.0
3.0
3.0
11.0
12.0
7.0
6.0
7.0
7.0
8.0
10.0
10.0
4.0
4.0
7.0
6.0
9.0
6.0
9.0
10.0
3.0
9.0
10.0
10.0
7.0
8.0
8.0
5.0
10.0
6.0
9.0
10.0
7.0
5.0
4.0
6.0
11.0
7.0
9.0
7.0
8.0
7.0
7.0
7.0
7.0
13.0
7.0
6.0
7.0
9.0
6.0
11.0
10.0
12.0
11.0
8.0
12.0
9.0
5.0
11.0
6.0
7.0
3.0
6.0
8.0
5.0
8.0
6.0
8.0
11.0
4.0
8.0
14.0
11.0
3.0
4.0
15.0
7.0
11.0
