-776.0
-848.0
-785.0
-821.0
-830.0
-812.0
-848.0
-902.0
-740.0
-641.0
-446.0
-749.0
-731.0
-524.0
-830.0
-821.0
-634.0
-758.0
-803.0
-803.0
-686.0
-776.0
-740.0
-722.0
-713.0
-776.0
-785.0
-848.0
-884.0
-776.0
-776.0
-695.0
-758.0
-659.0
-740.0
-677.0
-839.0
-650.0
-821.0
-776.0
-650.0
-677.0
-677.0
-785.0
-650.0
-740.0
-677.0
-641.0
-722.0
-749.0
-803.0
-704.0
-722.0
-875.0
-641.0
-659.0
-722.0
-704.0
-713.0
-767.0
-821.0
-623.0
-677.0
-623.0
-776.0
-713.0
-686.0
-686.0
-659.0
-632.0
-686.0
-668.0
-695.0
-623.0
-740.0
-659.0
-713.0
-668.0
-758.0
-794.0
-695.0
-758.0
-722.0
-614.0
-695.0
-686.0
-551.0
-614.0
-605.0
-695.0
-722.0
-623.0
-169.0
-713.0
-650.0
-704.0
-641.0
-749.0
-677.0
-623.0
-686.0
-731.0
-596.0
-749.0
-587.0
-659.0
-488.0
-677.0
-659.0
-641.0
-596.0
-686.0
-677.0
-659.0
-623.0
-758.0
-596.0
-623.0
-704.0
-578.0
-605.0
-659.0
-606.0
-686.0
-659.0
-623.0
-605.0
-704.0
-605.0
-488.0
-659.0
-758.0
-596.0
-623.0
-578.0
-542.0
-740.0
-632.0
-704.0
-641.0
-479.0
-569.0
-641.0
-614.0
-623.0
-623.0
-641.0
-695.0
-704.0
-641.0
-623.0
-632.0
-704.0
-650.0
-659.0
-614.0
-569.0
-659.0
-422.0
-614.0
-506.0
-668.0
-677.0
-551.0
-659.0
-650.0
-650.0
-650.0
-650.0
-587.0
-677.0
-596.0
-578.0
-677.0
-488.0
-659.0
-641.0
-623.0
-569.0
-596.0
-506.0
-542.0
-569.0
-569.0
-587.0
-623.0
-569.0
-686.0
-587.0
-551.0
-614.0
-731.0
-704.0
-515.0
-659.0
-596.0
-569.0
-542.0
-542.0
-578.0
-668.0
-578.0
-614.0
-668.0
-578.0
-659.0
-578.0
-569.0
-614.0
-596.0
-605.0
-659.0
-551.0
-587.0
-605.0
-524.0
-524.0
-515.0
-659.0
-479.0
-551.0
-569.0
-551.0
-560.0
-506.0
-578.0
-533.0
-551.0
-623.0
-605.0
-596.0
-551.0
-524.0
-254.0
-461.0
-614.0
-488.0
-641.0
-551.0
-456.0
-569.0
-578.0
-668.0
-524.0
-451.0
-497.0
-488.0
-578.0
-596.0
-560.0
-506.0
-596.0
-569.0
-542.0
-515.0
-533.0
-560.0
-470.0
-578.0
-533.0
-55.0
-524.0
-623.0
-470.0
-533.0
-533.0
-596.0
-542.0
-497.0
-569.0
-506.0
-542.0
-497.0
-387.0
-578.0
-533.0
-533.0
-542.0
-45.0
-470.0
-470.0
-506.0
-560.0
-452.0
-569.0
-479.0
-497.0
-407.0
-515.0
-560.0
-524.0
-560.0
-569.0
-452.0
-506.0
-470.0
-515.0
-533.0
-533.0
-551.0
-497.0
-479.0
-578.0
-533.0
-506.0
-524.0
-434.0
-461.0
-524.0
-497.0
-560.0
-543.0
-497.0
-362.0
-416.0
-587.0
-470.0
-515.0
-587.0
-461.0
-515.0
-497.0
-497.0
-533.0
-605.0
-524.0
-479.0
-506.0
-461.0
-470.0
-551.0
-228.0
-452.0
-587.0
-524.0
-506.0
-452.0
-515.0
-407.0
-497.0
-488.0
-524.0
-452.0
-488.0
-461.0
-515.0
-434.0
-344.0
-470.0
-362.0
-461.0
-542.0
-542.0
-488.0
-515.0
-551.0
-416.0
-560.0
-425.0
-425.0
-470.0
-497.0
-533.0
-479.0
-506.0
-434.0
-479.0
-587.0
-85.0
-452.0
-434.0
-112.0
-425.0
-533.0
-373.0
-389.0
-102.0
-506.0
-497.0
-488.0
-335.0
-443.0
-186.0
-488.0
-48.0
-219.0
-317.0
-26.0
-497.0
-142.0
-398.0
-425.0
-416.0
-470.0
-380.0
-506.0
-371.0
-470.0
-389.0
-497.0
-470.0
-506.0
-147.0
-425.0
-416.0
-170.0
-542.0
-461.0
-461.0
-479.0
-506.0
-299.0
-380.0
-398.0
-461.0
-479.0
-434.0
-425.0
-434.0
-362.0
-461.0
-443.0
-434.0
-407.0
-461.0
-434.0
-461.0
-362.0
-407.0
-371.0
-371.0
-470.0
-416.0
-443.0
-434.0
-470.0
-380.0
-470.0
-416.0
-524.0
-452.0
-416.0
-434.0
-398.0
-479.0
-425.0
-452.0
-470.0
-443.0
-452.0
-416.0
-416.0
-461.0
-443.0
-425.0
-267.0
-479.0
-470.0
-398.0
-398.0
-353.0
-479.0
-398.0
-380.0
-311.0
-63.0
-389.0
-362.0
-344.0
-193.0
-416.0
-452.0
-515.0
-220.0
-353.0
-515.0
-407.0
-156.0
-452.0
-416.0
-353.0
-398.0
-380.0
-335.0
-470.0
-479.0
-443.0
-488.0
-199.0
-371.0
-419.0
-308.0
-443.0
-434.0
-398.0
-308.0
-416.0
-51.0
-452.0
-25.0
-371.0
-407.0
-452.0
-506.0
-344.0
-452.0
-362.0
-380.0
-280.0
-344.0
-425.0
-497.0
-9.0
-362.0
-380.0
-416.0
-380.0
-461.0
-425.0
-389.0
-83.0
-14.0
-407.0
-76.0
-310.0
-398.0
-3.0
2.0
-398.0
2.0
-125.0
-317.0
-169.0
5.0
-407.0
-77.0
-84.0
-21.0
-335.0
-292.0
-452.0
-371.0
-362.0
-17.0
-25.0
-15.0
-73.0
-111.0
-88.0
-389.0
-380.0
-78.0
-174.0
-292.0
-3.0
-50.0
-272.0
-443.0
10.0
-185.0
-148.0
-8.0
-29.0
-326.0
-17.0
-8.0
4.0
-353.0
-443.0
-70.0
-269.0
-425.0
-116.0
-353.0
-189.0
-416.0
-380.0
-13.0
-8.0
-190.0
-407.0
-168.0
-88.0
-165.0
-165.0
-55.0
-398.0
-38.0
-111.0
-371.0
-425.0
-362.0
-31.0
-416.0
-313.0
-83.0
-196.0
-287.0
-18.0
-120.0
-389.0
-398.0
-114.0
-115.0
-380.0
-362.0
-191.0
-184.0
-16.0
-326.0
-335.0
-317.0
-380.0
-84.0
-22.0
-143.0
-240.0
-32.0
-389.0
-299.0
-11.0
-299.0
-335.0
-443.0
-87.0
-66.0
-407.0
-299.0
-75.0
-18.0
-17.0
-371.0
-191.0
-335.0
-362.0
-7.0
-173.0
6.0
-371.0
-8.0
-75.0
3.0
-48.0
-326.0
-25.0
-101.0
-335.0
-371.0
-326.0
-353.0
-70.0
-39.0
-10.0
-20.0
9.0
-6.0
-416.0
-14.0
-308.0
-335.0
-344.0
-26.0
-389.0
-9.0
-353.0
-344.0
-51.0
9.0
-3.0
-6.0
-344.0
-23.0
-83.0
-344.0
-16.0
-73.0
-326.0
-24.0
-20.0
-4.0
7.0
-362.0
-52.0
-6.0
-20.0
-317.0
-41.0
-299.0
-308.0
-335.0
-30.0
-1.0
-362.0
-19.0
-24.0
-272.0
-9.0
11.0
-41.0
-290.0
-28.0
-37.0
-126.0
-19.0
-30.0
-63.0
-353.0
-1.0
-85.0
-246.0
-344.0
6.0
-19.0
-101.0
5.0
-30.0
-28.0
-10.0
-23.0
-45.0
-335.0
-57.0
-76.0
-23.0
-6.0
-177.0
-4.0
-128.0
-344.0
-89.0
7.0
7.0
-32.0
-299.0
-50.0
-299.0
2.0
-380.0
7.0
-43.0
-19.0
-4.0
3.0
-176.0
-241.0
-425.0
-389.0
-34.0
-128.0
-83.0
-41.0
11.0
-12.0
-69.0
-264.0
-353.0
-29.0
-132.0
-221.0
-46.0
-16.0
-205.0
-46.0
-76.0
-157.0
-6.0
-137.0
2.0
-17.0
-8.0
-353.0
-13.0
-16.0
-58.0
1.0
7.0
-21.0
-344.0
-317.0
-56.0
-160.0
-19.0
-14.0
-126.0
-335.0
-362.0
-317.0
-268.0
-272.0
-19.0
-63.0
-272.0
-353.0
-42.0
-335.0
-94.0
-308.0
-103.0
-30.0
-41.0
-308.0
-22.0
10.0
-131.0
-165.0
-245.0
-33.0
0.0
-61.0
-79.0
-31.0
-11.0
-20.0
-106.0
-137.0
-45.0
-66.0
-94.0
-78.0
-272.0
-40.0
-27.0
-62.0
-281.0
-93.0
-195.0
7.0
-25.0
-139.0
-91.0
-263.0
-149.0
-152.0
1.0
-42.0
-46.0
-4.0
14.0
-121.0
6.0
6.0
6.0
-29.0
-18.0
-27.0
-21.0
-46.0
-87.0
-13.0
-157.0
-91.0
7.0
-95.0
10.0
6.0
-24.0
-95.0
9.0
-326.0
-19.0
-94.0
-65.0
0.0
-47.0
-6.0
2.0
-353.0
10.0
-13.0
-94.0
-35.0
-33.0
-20.0
-56.0
-40.0
-4.0
-6.0
-30.0
9.0
-13.0
-18.0
-1.0
-26.0
-42.0
-160.0
4.0
-1.0
1.0
-89.0
4.0
1.0
-93.0
-164.0
0.0
-23.0
-38.0
1.0
-88.0
-9.0
-77.0
-23.0
-10.0
-156.0
-168.0
-166.0
-128.0
8.0
-24.0
-18.0
-69.0
6.0
-7.0
4.0
-44.0
-41.0
-40.0
2.0
-49.0
15.0
-308.0
-94.0
-118.0
10.0
-26.0
-335.0
-272.0
4.0
0.0
-15.0
-28.0
-70.0
-4.0
-344.0
-15.0
-21.0
-131.0
-223.0
-48.0
-30.0
-181.0
-3.0
-51.0
-131.0
-16.0
-5.0
-55.0
-90.0
-181.0
-8.0
-111.0
-8.0
11.0
-1.0
-4.0
-10.0
-32.0
-6.0
8.0
2.0
4.0
-80.0
-149.0
-62.0
-23.0
-9.0
-39.0
-27.0
7.0
-3.0
-199.0
-89.0
-19.0
-33.0
-4.0
4.0
2.0
-3.0
0.0
-15.0
-28.0
-18.0
-4.0
3.0
-13.0
2.0
9.0
-8.0
12.0
-9.0
2.0
9.0
-9.0
-5.0
12.0
-2.0
5.0
-4.0
8.0
-27.0
12.0
-41.0
6.0
-26.0
-9.0
-2.0
10.0
7.0
8.0
-36.0
6.0
-17.0
-2.0
-20.0
-14.0
-41.0
7.0
8.0
6.0
-8.0
-8.0
11.0
2.0
0.0
9.0
12.0
8.0
-150.0
-34.0
-3.0
-60.0
-8.0
-7.0
-57.0
-12.0
-3.0
7.0
-2.0
-2.0
-2.0
12.0
0.0
-7.0
-13.0
5.0
3.0
2.0
-7.0
7.0
-15.0
-12.0
-56.0
-16.0
0.0
7.0
-4.0
-35.0
3.0
7.0
15.0
3.0
12.0
-24.0
8.0
5.0
-168.0
11.0
14.0
3.0
-317.0
8.0
2.0
-2.0
11.0
-3.0
7.0
-1.0
10.0
5.0
4.0
-5.0
3.0
-11.0
-6.0
5.0
6.0
4.0
7.0
9.0
-21.0
-3.0
10.0
-7.0
-13.0
10.0
-3.0
-10.0
-11.0
-6.0
11.0
12.0
5.0
-8.0
2.0
-7.0
1.0
-3.0
1.0
-55.0
11.0
-46.0
-7.0
-11.0
-8.0
-8.0
8.0
9.0
12.0
7.0
9.0
-3.0
0.0
9.0
11.0
4.0
8.0
6.0
6.0
-6.0
2.0
5.0
10.0
7.0
-3.0
4.0
11.0
-281.0
-218.0
0.0
-10.0
1.0
-2.0
-95.0
5.0
4.0
-1.0
2.0
-16.0
9.0
4.0
-14.0
-3.0
6.0
3.0
-8.0
14.0
7.0
-13.0
11.0
5.0
6.0
-250.0
-15.0
-6.0
4.0
-4.0
2.0
9.0
-3.0
5.0
6.0
-5.0
12.0
1.0
-9.0
10.0
6.0
13.0
7.0
7.0
4.0
11.0
7.0
-9.0
4.0
10.0
10.0
-1.0
6.0
5.0
-64.0
6.0
-3.0
0.0
1.0
0.0
7.0
8.0
-1.0
-12.0
-1.0
5.0
3.0
3.0
-19.0
4.0
-7.0
-55.0
12.0
1.0
13.0
8.0
14.0
9.0
3.0
-3.0
8.0
-6.0
0.0
5.0
7.0
-139.0
7.0
-37.0
3.0
10.0
-22.0
6.0
-3.0
6.0
-20.0
7.0
7.0
-6.0
-15.0
6.0
4.0
-7.0
-2.0
-18.0
5.0
-6.0
3.0
-23.0
8.0
6.0
-5.0
6.0
-1.0
-15.0
4.0
15.0
-3.0
5.0
8.0
9.0
8.0
8.0
6.0
14.0
-7.0
7.0
4.0
-11.0
-11.0
11.0
9.0
7.0
11.0
-6.0
4.0
-64.0
9.0
13.0
-5.0
-4.0
-4.0
10.0
-12.0
13.0
8.0
-239.0
3.0
9.0
13.0
5.0
6.0
5.0
-23.0
2.0
6.0
10.0
10.0
10.0
8.0
14.0
6.0
4.0
-17.0
7.0
7.0
8.0
10.0
-6.0
5.0
-1.0
-7.0
8.0
11.0
4.0
9.0
2.0
-17.0
2.0
9.0
-10.0
3.0
8.0
8.0
13.0
-3.0
8.0
4.0
12.0
8.0
5.0
5.0
4.0
-83.0
-245.0
-71.0
-1.0
8.0
8.0
-2.0
9.0
-6.0
-2.0
9.0
7.0
7.0
3.0
-1.0
8.0
8.0
-19.0
8.0
7.0
-5.0
10.0
14.0
-4.0
10.0
-4.0
-36.0
3.0
10.0
6.0
11.0
7.0
9.0
7.0
5.0
1.0
9.0
11.0
-2.0
-2.0
9.0
9.0
7.0
9.0
5.0
9.0
2.0
7.0
7.0
7.0
-1.0
-5.0
-5.0
3.0
5.0
-3.0
11.0
4.0
-10.0
13.0
9.0
9.0
3.0
-1.0
4.0
-3.0
6.0
-13.0
-3.0
-4.0
8.0
-3.0
-12.0
4.0
4.0
9.0
12.0
8.0
-1.0
4.0
7.0
6.0
8.0
9.0
11.0
5.0
7.0
-6.0
8.0
-19.0
9.0
8.0
7.0
6.0
9.0
7.0
9.0
8.0
-3.0
11.0
5.0
4.0
12.0
-2.0
-17.0
6.0
8.0
11.0
11.0
9.0
3.0
9.0
8.0
5.0
-5.0
8.0
7.0
7.0
-1.0
5.0
0.0
-10.0
7.0
7.0
14.0
0.0
0.0
7.0
-4.0
-11.0
3.0
11.0
5.0
8.0
11.0
5.0
10.0
3.0
8.0
-24.0
9.0
0.0
0.0
9.0
5.0
6.0
9.0
9.0
9.0
1.0
9.0
8.0
7.0
11.0
12.0
10.0
5.0
8.0
-6.0
7.0
11.0
5.0
-7.0
5.0
8.0
5.0
10.0
7.0
6.0
12.0
7.0
11.0
11.0
5.0
7.0
7.0
11.0
6.0
7.0
6.0
12.0
9.0
-4.0
-3.0
8.0
13.0
10.0
9.0
11.0
9.0
3.0
8.0
6.0
10.0
-15.0
4.0
-3.0
5.0
6.0
8.0
8.0
6.0
6.0
8.0
5.0
8.0
7.0
10.0
13.0
4.0
7.0
9.0
9.0
13.0
13.0
8.0
3.0
8.0
-1.0
-1.0
10.0
10.0
15.0
7.0
4.0
9.0
11.0
4.0
5.0
-2.0
-49.0
2.0
8.0
9.0
-1.0
11.0
6.0
-218.0
9.0
8.0
-168.0
11.0
5.0
8.0
-6.0
11.0
4.0
9.0
-94.0
-5.0
10.0
10.0
1.0
11.0
7.0
7.0
7.0
10.0
-4.0
-12.0
6.0
10.0
6.0
9.0
2.0
8.0
7.0
7.0
10.0
3.0
5.0
13.0
-3.0
5.0
6.0
-16.0
8.0
7.0
7.0
6.0
4.0
4.0
12.0
8.0
8.0
-4.0
4.0
9.0
10.0
10.0
-69.0
1.0
4.0
8.0
5.0
8.0
9.0
8.0
6.0
5.0
11.0
-56.0
5.0
6.0
11.0
2.0
5.0
11.0
12.0
8.0
10.0
-1.0
-6.0
9.0
-10.0
5.0
13.0
2.0
8.0
-6.0
6.0
-7.0
6.0
-28.0
5.0
10.0
5.0
8.0
3.0
11.0
4.0
10.0
9.0
7.0
-17.0
11.0
7.0
-7.0
4.0
12.0
11.0
11.0
8.0
-47.0
8.0
5.0
-7.0
2.0
5.0
8.0
4.0
5.0
7.0
-1.0
7.0
-97.0
-5.0
6.0
5.0
3.0
9.0
9.0
1.0
7.0
6.0
8.0
3.0
-32.0
7.0
-2.0
-6.0
3.0
5.0
6.0
10.0
-3.0
7.0
9.0
6.0
2.0
10.0
3.0
7.0
7.0
5.0
8.0
4.0
-26.0
8.0
-11.0
4.0
8.0
6.0
11.0
7.0
-7.0
5.0
6.0
11.0
6.0
7.0
6.0
12.0
-2.0
6.0
11.0
11.0
-5.0
11.0
13.0
13.0
6.0
3.0
3.0
7.0
8.0
5.0
8.0
11.0
9.0
8.0
14.0
9.0
5.0
6.0
14.0
4.0
10.0
0.0
3.0
5.0
10.0
-3.0
5.0
12.0
11.0
9.0
10.0
-4.0
7.0
9.0
5.0
9.0
4.0
7.0
11.0
-12.0
6.0
3.0
13.0
8.0
10.0
2.0
9.0
6.0
8.0
5.0
-5.0
13.0
9.0
4.0
7.0
8.0
8.0
6.0
10.0
5.0
5.0
-1.0
10.0
2.0
6.0
0.0
12.0
9.0
8.0
8.0
5.0
9.0
8.0
-53.0
6.0
6.0
8.0
8.0
9.0
3.0
-2.0
-19.0
3.0
5.0
9.0
12.0
-5.0
-3.0
10.0
13.0
13.0
7.0
12.0
5.0
-218.0
8.0
8.0
6.0
6.0
5.0
12.0
10.0
9.0
11.0
9.0
8.0
5.0
6.0
-4.0
4.0
10.0
7.0
8.0
-6.0
2.0
10.0
8.0
9.0
10.0
10.0
3.0
11.0
9.0
10.0
9.0
9.0
7.0
8.0
12.0
11.0
11.0
7.0
8.0
11.0
6.0
6.0
14.0
13.0
11.0
10.0
7.0
6.0
7.0
12.0
6.0
10.0
6.0
7.0
10.0
7.0
1.0
4.0
9.0
8.0
11.0
-2.0
6.0
9.0
7.0
6.0
10.0
7.0
7.0
12.0
6.0
12.0
8.0
11.0
11.0
12.0
9.0
12.0
8.0
11.0
7.0
4.0
5.0
3.0
8.0
10.0
-33.0
8.0
7.0
12.0
14.0
6.0
9.0
4.0
5.0
10.0
2.0
7.0
10.0
8.0
11.0
9.0
11.0
7.0
9.0
8.0
12.0
6.0
7.0
5.0
3.0
10.0
7.0
9.0
6.0
4.0
3.0
6.0
0.0
5.0
5.0
9.0
8.0
6.0
7.0
5.0
10.0
3.0
4.0
6.0
12.0
4.0
6.0
13.0
8.0
8.0
4.0
8.0
6.0
10.0
2.0
10.0
6.0
6.0
9.0
9.0
14.0
10.0
7.0
8.0
6.0
14.0
7.0
11.0
11.0
10.0
7.0
7.0
6.0
8.0
6.0
3.0
8.0
8.0
7.0
12.0
9.0
10.0
10.0
11.0
-14.0
4.0
-11.0
5.0
6.0
-4.0
8.0
7.0
3.0
8.0
12.0
5.0
8.0
9.0
2.0
6.0
9.0
10.0
6.0
10.0
-2.0
6.0
14.0
5.0
4.0
-11.0
-1.0
7.0
12.0
7.0
4.0
4.0
7.0
7.0
11.0
10.0
11.0
-2.0
8.0
3.0
9.0
8.0
11.0
11.0
-9.0
9.0
5.0
9.0
4.0
10.0
6.0
10.0
10.0
5.0
5.0
12.0
6.0
6.0
-6.0
9.0
10.0
8.0
6.0
11.0
4.0
4.0
4.0
4.0
7.0
3.0
5.0
-13.0
5.0
3.0
12.0
4.0
12.0
6.0
11.0
10.0
4.0
10.0
3.0
8.0
6.0
14.0
8.0
-1.0
8.0
9.0
12.0
7.0
3.0
8.0
12.0
7.0
5.0
9.0
8.0
10.0
6.0
9.0
8.0
-23.0
7.0
11.0
7.0
4.0
9.0
8.0
7.0
6.0
8.0
9.0
11.0
7.0
4.0
11.0
11.0
6.0
4.0
9.0
11.0
8.0
7.0
8.0
10.0
10.0
11.0
5.0
5.0
7.0
6.0
7.0
9.0
11.0
12.0
12.0
12.0
12.0
10.0
11.0
9.0
5.0
7.0
8.0
7.0
5.0
0.0
9.0
6.0
5.0
-1.0
5.0
11.0
15.0
10.0
8.0
12.0
4.0
10.0
8.0
11.0
6.0
10.0
9.0
8.0
5.0
5.0
-3.0
7.0
10.0
5.0
10.0
-2.0
5.0
11.0
8.0
10.0
9.0
10.0
9.0
8.0
10.0
-6.0
6.0
10.0
5.0
11.0
8.0
8.0
9.0
5.0
5.0
7.0
9.0
9.0
11.0
4.0
5.0
8.0
11.0
9.0
8.0
10.0
4.0
5.0
11.0
8.0
8.0
10.0
9.0
14.0
11.0
12.0
6.0
9.0
5.0
-5.0
8.0
11.0
7.0
9.0
7.0
11.0
12.0
8.0
10.0
10.0
5.0
11.0
8.0
4.0
8.0
5.0
8.0
-10.0
7.0
14.0
-1.0
7.0
6.0
10.0
5.0
5.0
7.0
8.0
6.0
8.0
4.0
6.0
7.0
9.0
8.0
6.0
4.0
15.0
-21.0
11.0
9.0
9.0
9.0
2.0
-2.0
7.0
-3.0
7.0
6.0
11.0
8.0
7.0
6.0
8.0
8.0
6.0
7.0
13.0
9.0
4.0
10.0
6.0
7.0
6.0
8.0
7.0
10.0
5.0
5.0
8.0
13.0
6.0
4.0
8.0
11.0
7.0
9.0
10.0
6.0
6.0
14.0
9.0
6.0
9.0
13.0
-6.0
4.0
7.0
9.0
4.0
-1.0
7.0
4.0
6.0
7.0
10.0
-3.0
6.0
5.0
11.0
10.0
6.0
4.0
3.0
6.0
9.0
5.0
6.0
9.0
8.0
-7.0
9.0
3.0
8.0
12.0
9.0
13.0
10.0
7.0
6.0
11.0
11.0
13.0
8.0
9.0
8.0
8.0
5.0
6.0
7.0
9.0
6.0
9.0
11.0
5.0
8.0
9.0
5.0
10.0
7.0
5.0
5.0
9.0
11.0
6.0
8.0
7.0
3.0
8.0
10.0
8.0
9.0
10.0
7.0
4.0
8.0
5.0
4.0
4.0
10.0
9.0
15.0
5.0
8.0
14.0
11.0
8.0
8.0
6.0
8.0
7.0
4.0
7.0
12.0
10.0
7.0
9.0
4.0
8.0
4.0
11.0
6.0
8.0
6.0
10.0
7.0
3.0
6.0
3.0
4.0
8.0
9.0
6.0
6.0
12.0
7.0
6.0
4.0
10.0
6.0
7.0
3.0
4.0
8.0
6.0
5.0
-3.0
12.0
6.0
10.0
8.0
5.0
5.0
6.0
11.0
4.0
9.0
9.0
11.0
10.0
4.0
6.0
7.0
8.0
6.0
12.0
3.0
9.0
8.0
6.0
10.0
6.0
3.0
5.0
11.0
6.0
14.0
11.0
6.0
11.0
11.0
8.0
7.0
7.0
6.0
4.0
5.0
10.0
11.0
-3.0
8.0
9.0
10.0
10.0
4.0
9.0
9.0
7.0
6.0
8.0
11.0
14.0
8.0
5.0
9.0
5.0
1.0
7.0
5.0
5.0
4.0
7.0
-4.0
14.0
9.0
9.0
8.0
12.0
6.0
10.0
10.0
9.0
10.0
12.0
11.0
8.0
6.0
11.0
9.0
12.0
5.0
10.0
12.0
10.0
7.0
6.0
10.0
8.0
6.0
9.0
6.0
3.0
10.0
6.0
10.0
12.0
14.0
15.0
5.0
5.0
4.0
-1.0
4.0
7.0
9.0
5.0
6.0
9.0
11.0
6.0
4.0
7.0
12.0
10.0
7.0
6.0
10.0
4.0
6.0
8.0
2.0
8.0
7.0
12.0
9.0
4.0
9.0
7.0
9.0
8.0
7.0
9.0
6.0
8.0
5.0
8.0
7.0
9.0
5.0
13.0
6.0
4.0
8.0
5.0
5.0
8.0
6.0
9.0
5.0
13.0
7.0
11.0
8.0
11.0
7.0
5.0
6.0
10.0
8.0
12.0
6.0
6.0
11.0
11.0
9.0
6.0
9.0
9.0
8.0
8.0
4.0
3.0
9.0
6.0
4.0
8.0
5.0
9.0
5.0
6.0
7.0
8.0
6.0
10.0
10.0
11.0
7.0
12.0
3.0
9.0
8.0
7.0
11.0
9.0
12.0
5.0
6.0
9.0
10.0
7.0
10.0
5.0
5.0
-2.0
5.0
6.0
6.0
7.0
7.0
7.0
11.0
9.0
6.0
6.0
7.0
7.0
13.0
6.0
7.0
7.0
7.0
10.0
7.0
3.0
9.0
5.0
4.0
7.0
7.0
6.0
7.0
6.0
4.0
6.0
7.0
11.0
7.0
12.0
5.0
6.0
6.0
3.0
4.0
5.0
12.0
5.0
14.0
4.0
12.0
5.0
7.0
5.0
8.0
6.0
1.0
5.0
-7.0
5.0
7.0
8.0
8.0
10.0
11.0
14.0
8.0
6.0
10.0
8.0
8.0
3.0
4.0
11.0
7.0
6.0
12.0
14.0
7.0
5.0
6.0
5.0
13.0
11.0
4.0
10.0
8.0
9.0
9.0
6.0
6.0
9.0
7.0
15.0
6.0
14.0
8.0
9.0
10.0
8.0
7.0
12.0
8.0
11.0
9.0
11.0
6.0
8.0
9.0
4.0
5.0
7.0
9.0
4.0
9.0
4.0
6.0
8.0
10.0
10.0
8.0
7.0
9.0
7.0
14.0
12.0
15.0
11.0
5.0
10.0
7.0
5.0
7.0
7.0
10.0
8.0
8.0
10.0
5.0
10.0
8.0
-3.0
-4.0
5.0
5.0
7.0
7.0
12.0
7.0
12.0
6.0
8.0
4.0
10.0
10.0
7.0
10.0
11.0
9.0
