-695.0
-659.0
-668.0
-713.0
-731.0
-722.0
-722.0
-785.0
-839.0
-776.0
-731.0
-776.0
-794.0
-668.0
-794.0
-632.0
-920.0
-785.0
-650.0
-392.0
-902.0
-496.0
-740.0
-785.0
-830.0
-713.0
-695.0
-776.0
-722.0
-803.0
-740.0
-704.0
-740.0
-722.0
-713.0
-686.0
-695.0
-677.0
-713.0
-776.0
-776.0
-704.0
-713.0
-731.0
-803.0
-713.0
-668.0
-758.0
-758.0
-749.0
-740.0
-722.0
-749.0
-785.0
-848.0
-722.0
-812.0
-704.0
-758.0
-749.0
-713.0
-749.0
-686.0
-650.0
-830.0
-677.0
-659.0
-650.0
-704.0
-650.0
-677.0
-641.0
-740.0
-668.0
-277.0
-767.0
-515.0
-668.0
-650.0
-704.0
-659.0
-695.0
-659.0
-722.0
-677.0
-641.0
-605.0
-848.0
-695.0
-641.0
-632.0
-749.0
-722.0
-722.0
-677.0
-740.0
-668.0
-632.0
-650.0
-677.0
-440.0
-551.0
-686.0
-641.0
-326.0
-713.0
-731.0
-650.0
-668.0
-122.0
-704.0
-704.0
-560.0
-632.0
-695.0
-659.0
-641.0
-632.0
-713.0
-605.0
-695.0
-677.0
-605.0
-605.0
-704.0
-668.0
-650.0
-704.0
-560.0
-704.0
-731.0
-623.0
-677.0
-731.0
-614.0
-659.0
-632.0
-659.0
-560.0
-641.0
-641.0
-226.0
-776.0
-659.0
-641.0
-515.0
-497.0
-659.0
-614.0
-479.0
-596.0
-731.0
-533.0
-677.0
-749.0
-677.0
-659.0
-605.0
-614.0
-632.0
-677.0
-632.0
-704.0
-587.0
-587.0
-578.0
-569.0
-632.0
-614.0
-623.0
-542.0
-650.0
-641.0
-560.0
-578.0
-551.0
-659.0
-632.0
-659.0
-614.0
-596.0
-641.0
-560.0
-587.0
-470.0
-614.0
-587.0
-614.0
-632.0
-659.0
-533.0
-641.0
-587.0
-578.0
-506.0
-533.0
-605.0
-605.0
-587.0
-659.0
-497.0
-623.0
-623.0
-542.0
-524.0
-515.0
-641.0
-587.0
-668.0
-569.0
-515.0
-469.0
-569.0
-533.0
-551.0
-641.0
-686.0
-632.0
-524.0
-614.0
-578.0
-551.0
-623.0
-641.0
-605.0
-515.0
-623.0
-470.0
-542.0
-542.0
-497.0
-569.0
-632.0
-623.0
-569.0
-533.0
-542.0
-253.0
-470.0
-605.0
-488.0
-452.0
-461.0
-479.0
-578.0
-551.0
-560.0
-677.0
-596.0
-524.0
-560.0
-551.0
-587.0
-623.0
-542.0
-587.0
-542.0
-569.0
-488.0
-605.0
-470.0
-533.0
-497.0
-497.0
-515.0
-461.0
-443.0
-578.0
-292.0
-641.0
-515.0
-533.0
-605.0
-470.0
-488.0
-342.0
-506.0
-578.0
-282.0
-578.0
-515.0
-488.0
-452.0
-524.0
-524.0
-578.0
-434.0
-524.0
-488.0
-587.0
-506.0
-324.0
-587.0
-533.0
-596.0
-452.0
-551.0
-533.0
-551.0
-497.0
-434.0
-497.0
-551.0
-470.0
-506.0
-461.0
-533.0
-515.0
-416.0
-497.0
-506.0
-569.0
-533.0
-524.0
-569.0
-515.0
-506.0
-434.0
-488.0
-416.0
-569.0
-452.0
-515.0
-488.0
-488.0
-488.0
-461.0
-506.0
-533.0
-425.0
-44.0
-443.0
-452.0
-230.0
-479.0
-443.0
-524.0
-569.0
-506.0
-524.0
-425.0
-461.0
-452.0
-542.0
-61.0
-434.0
-542.0
-452.0
-407.0
-569.0
-515.0
-497.0
-488.0
-353.0
-335.0
-329.0
-162.0
-281.0
-524.0
-452.0
-443.0
-479.0
-443.0
-506.0
-425.0
-461.0
-488.0
-479.0
-461.0
-488.0
-371.0
-425.0
-479.0
-443.0
-76.0
-416.0
-461.0
-380.0
-389.0
-488.0
-497.0
-389.0
-425.0
-147.0
-470.0
-434.0
-344.0
-461.0
-176.0
-425.0
-291.0
-371.0
-434.0
-389.0
-443.0
-452.0
-389.0
-425.0
-488.0
-299.0
-452.0
-443.0
-425.0
-25.0
-479.0
-434.0
-425.0
-524.0
-72.0
-22.0
-425.0
-369.0
-488.0
1.0
-488.0
-58.0
-398.0
-206.0
-362.0
-479.0
-39.0
-344.0
-159.0
-488.0
-108.0
-479.0
-416.0
-398.0
-362.0
-416.0
-461.0
-93.0
-461.0
-443.0
-292.0
-380.0
-497.0
-317.0
-398.0
-380.0
-425.0
-353.0
-470.0
-398.0
-150.0
-470.0
-488.0
-344.0
-434.0
-488.0
-335.0
-344.0
-452.0
-344.0
-434.0
-461.0
-353.0
-398.0
-416.0
-131.0
-353.0
-443.0
-497.0
-434.0
-488.0
-479.0
-434.0
-425.0
-416.0
-461.0
-389.0
-461.0
-33.0
-317.0
-68.0
-443.0
-398.0
-335.0
-452.0
-461.0
-407.0
-380.0
-182.0
-479.0
-23.0
-488.0
-425.0
-461.0
-87.0
-362.0
-398.0
-380.0
-389.0
-398.0
-398.0
-41.0
-407.0
-13.0
6.0
-26.0
-159.0
-371.0
-434.0
-25.0
-461.0
-443.0
-183.0
-326.0
-425.0
-128.0
-389.0
-143.0
-371.0
-28.0
-344.0
-443.0
-281.0
-71.0
-335.0
-389.0
-326.0
-434.0
-43.0
-4.0
-353.0
-344.0
-362.0
-335.0
-398.0
-371.0
-290.0
-371.0
-299.0
-371.0
-149.0
-326.0
-18.0
-389.0
-344.0
-54.0
-308.0
-389.0
-434.0
-13.0
-41.0
-105.0
-81.0
-344.0
-407.0
-353.0
-28.0
-123.0
-416.0
-201.0
-416.0
-380.0
-142.0
-16.0
-317.0
-308.0
-74.0
-398.0
-335.0
-3.0
-344.0
-120.0
-43.0
-461.0
-21.0
-60.0
-66.0
-317.0
-136.0
-120.0
-380.0
-317.0
-58.0
-23.0
-54.0
-13.0
-30.0
-54.0
-124.0
-46.0
-55.0
-139.0
-380.0
-75.0
-81.0
-335.0
-168.0
10.0
-31.0
4.0
-28.0
-195.0
4.0
-5.0
-362.0
-221.0
-353.0
-80.0
-113.0
-17.0
-398.0
-36.0
-443.0
-62.0
-12.0
-40.0
-34.0
-63.0
-24.0
-101.0
-344.0
-353.0
-25.0
-42.0
-434.0
-362.0
-16.0
-380.0
-32.0
-130.0
-362.0
-57.0
-398.0
-28.0
-107.0
8.0
-16.0
-120.0
-380.0
-182.0
-353.0
-30.0
-416.0
7.0
-160.0
-86.0
-229.0
-145.0
-33.0
-21.0
-212.0
-344.0
-124.0
-416.0
-1.0
9.0
-39.0
-208.0
-443.0
-353.0
-27.0
-9.0
-362.0
-353.0
-389.0
-109.0
-407.0
13.0
-75.0
-353.0
-15.0
-9.0
-210.0
-362.0
-389.0
-59.0
-254.0
-111.0
-92.0
-371.0
-168.0
-353.0
-269.0
-16.0
-66.0
-488.0
-353.0
-29.0
-173.0
-95.0
-12.0
-78.0
-129.0
1.0
-389.0
0.0
-317.0
-34.0
-176.0
-317.0
-362.0
-202.0
-91.0
-84.0
-33.0
-145.0
-30.0
-47.0
-113.0
-299.0
9.0
-353.0
-308.0
-21.0
-308.0
-67.0
-362.0
-170.0
-19.0
-308.0
-317.0
-96.0
-11.0
-302.0
-77.0
-272.0
-218.0
-335.0
-335.0
-127.0
-57.0
-335.0
0.0
-251.0
-104.0
-82.0
-3.0
-222.0
-67.0
-5.0
-39.0
9.0
-263.0
-124.0
-94.0
-26.0
-398.0
-5.0
15.0
-8.0
-7.0
-70.0
-335.0
-317.0
-22.0
6.0
-40.0
-56.0
-175.0
-299.0
-254.0
-344.0
-326.0
-70.0
-25.0
-335.0
-362.0
3.0
-106.0
-259.0
-25.0
-15.0
-272.0
-63.0
8.0
-18.0
-66.0
-72.0
-281.0
-21.0
-6.0
-71.0
1.0
-6.0
-31.0
5.0
-344.0
-69.0
14.0
-38.0
-114.0
-66.0
6.0
-272.0
-2.0
9.0
8.0
6.0
-10.0
-12.0
-22.0
-54.0
3.0
-194.0
14.0
-51.0
-236.0
-35.0
-9.0
-17.0
9.0
-46.0
1.0
-146.0
13.0
-1.0
-353.0
-38.0
-82.0
4.0
-60.0
-317.0
-93.0
-69.0
-5.0
-45.0
-55.0
-27.0
-57.0
-61.0
-36.0
-256.0
-14.0
-24.0
-299.0
1.0
-165.0
-56.0
-6.0
-39.0
-10.0
-290.0
-308.0
-1.0
-28.0
3.0
-8.0
-45.0
-152.0
7.0
-36.0
-299.0
-24.0
-153.0
-169.0
-89.0
6.0
-344.0
4.0
-19.0
6.0
-203.0
-140.0
8.0
-126.0
-8.0
-5.0
-69.0
-41.0
11.0
-8.0
-7.0
6.0
6.0
15.0
-6.0
-21.0
8.0
9.0
-111.0
-199.0
-281.0
10.0
-8.0
11.0
-63.0
2.0
-101.0
-317.0
13.0
1.0
-9.0
-8.0
7.0
-2.0
2.0
-2.0
-299.0
7.0
6.0
-146.0
-18.0
-229.0
-140.0
7.0
10.0
3.0
6.0
-10.0
-299.0
-353.0
-7.0
0.0
0.0
4.0
-4.0
2.0
-107.0
12.0
-70.0
-3.0
9.0
-37.0
-137.0
-34.0
-28.0
4.0
-3.0
2.0
-126.0
12.0
-5.0
8.0
1.0
-33.0
-9.0
0.0
0.0
-6.0
-23.0
8.0
11.0
7.0
7.0
0.0
-24.0
7.0
-81.0
7.0
-76.0
-35.0
-24.0
10.0
10.0
9.0
10.0
-76.0
-21.0
-3.0
-15.0
5.0
12.0
4.0
6.0
6.0
9.0
-7.0
-26.0
-117.0
-317.0
14.0
-1.0
-6.0
-7.0
7.0
-10.0
7.0
5.0
9.0
-6.0
-16.0
-103.0
-36.0
4.0
5.0
-5.0
-217.0
-124.0
-3.0
-1.0
-5.0
5.0
7.0
5.0
7.0
1.0
-11.0
-153.0
8.0
-65.0
-34.0
-6.0
8.0
-32.0
-5.0
-7.0
11.0
-7.0
-28.0
-7.0
5.0
9.0
-4.0
-27.0
0.0
-3.0
8.0
5.0
13.0
-2.0
-317.0
1.0
11.0
-3.0
-41.0
-11.0
-53.0
7.0
-8.0
7.0
-44.0
4.0
10.0
2.0
-3.0
9.0
8.0
8.0
-5.0
-35.0
5.0
-1.0
-8.0
10.0
11.0
-2.0
-9.0
4.0
-2.0
-15.0
-1.0
-11.0
-6.0
8.0
-9.0
-12.0
0.0
8.0
6.0
10.0
-3.0
9.0
-5.0
5.0
14.0
-6.0
10.0
10.0
-272.0
7.0
6.0
-20.0
8.0
-2.0
8.0
-17.0
11.0
3.0
1.0
-11.0
-7.0
1.0
6.0
-8.0
8.0
10.0
-10.0
-46.0
-18.0
-14.0
4.0
12.0
12.0
-16.0
5.0
-3.0
10.0
6.0
-254.0
10.0
-6.0
-4.0
-14.0
7.0
-133.0
-7.0
6.0
-5.0
1.0
1.0
9.0
-6.0
5.0
-18.0
0.0
-2.0
11.0
-44.0
-3.0
4.0
5.0
-6.0
-5.0
-8.0
3.0
6.0
8.0
-1.0
3.0
-10.0
1.0
-4.0
-7.0
11.0
9.0
11.0
4.0
-11.0
-1.0
-124.0
11.0
5.0
-4.0
-15.0
-35.0
9.0
-12.0
6.0
-62.0
8.0
9.0
-7.0
-3.0
6.0
-4.0
9.0
3.0
4.0
7.0
-1.0
6.0
10.0
1.0
11.0
-1.0
15.0
7.0
-6.0
8.0
-7.0
7.0
5.0
8.0
-19.0
-1.0
6.0
-3.0
9.0
-9.0
-3.0
2.0
-7.0
2.0
7.0
-38.0
-15.0
11.0
-4.0
-4.0
10.0
-7.0
11.0
9.0
7.0
9.0
6.0
5.0
-6.0
-32.0
8.0
6.0
4.0
9.0
-2.0
3.0
-1.0
8.0
5.0
-1.0
-3.0
12.0
5.0
7.0
6.0
10.0
-6.0
-5.0
7.0
-6.0
4.0
9.0
0.0
6.0
3.0
6.0
1.0
7.0
1.0
10.0
-8.0
15.0
5.0
9.0
-3.0
-254.0
-2.0
10.0
8.0
9.0
-19.0
-2.0
7.0
-6.0
6.0
6.0
5.0
12.0
5.0
-19.0
3.0
5.0
9.0
-3.0
4.0
6.0
7.0
9.0
-7.0
-6.0
9.0
3.0
6.0
-6.0
11.0
6.0
-11.0
-6.0
-11.0
6.0
11.0
-15.0
-13.0
-9.0
12.0
7.0
-3.0
14.0
8.0
7.0
7.0
8.0
11.0
6.0
-16.0
1.0
6.0
8.0
5.0
-9.0
-9.0
-13.0
-8.0
-3.0
-5.0
5.0
12.0
7.0
7.0
6.0
-19.0
5.0
-6.0
5.0
13.0
3.0
-6.0
6.0
-3.0
5.0
12.0
9.0
7.0
12.0
-1.0
6.0
10.0
-8.0
11.0
-1.0
6.0
10.0
11.0
5.0
12.0
5.0
-24.0
2.0
9.0
-6.0
5.0
4.0
-64.0
8.0
0.0
13.0
9.0
1.0
11.0
6.0
7.0
-44.0
12.0
6.0
-3.0
7.0
-9.0
3.0
-7.0
3.0
7.0
-6.0
6.0
-4.0
-5.0
11.0
-5.0
-2.0
6.0
-3.0
6.0
-24.0
-1.0
13.0
1.0
6.0
-12.0
8.0
4.0
10.0
3.0
-5.0
3.0
4.0
10.0
8.0
-4.0
-23.0
9.0
3.0
7.0
13.0
13.0
8.0
-2.0
4.0
-2.0
-5.0
-5.0
-18.0
14.0
8.0
9.0
-3.0
8.0
7.0
-10.0
7.0
8.0
-11.0
2.0
3.0
5.0
-14.0
4.0
4.0
10.0
8.0
7.0
6.0
5.0
13.0
3.0
12.0
1.0
10.0
3.0
-3.0
4.0
9.0
-69.0
9.0
11.0
7.0
10.0
5.0
7.0
5.0
3.0
6.0
-10.0
9.0
5.0
12.0
3.0
7.0
12.0
-11.0
-9.0
10.0
9.0
7.0
8.0
0.0
8.0
3.0
-8.0
9.0
10.0
4.0
7.0
5.0
2.0
6.0
-3.0
4.0
11.0
8.0
3.0
11.0
8.0
5.0
0.0
10.0
-5.0
6.0
6.0
5.0
8.0
14.0
10.0
5.0
11.0
9.0
4.0
11.0
-6.0
9.0
5.0
5.0
-1.0
9.0
6.0
-21.0
6.0
8.0
5.0
8.0
9.0
4.0
9.0
11.0
8.0
6.0
5.0
6.0
7.0
1.0
8.0
6.0
-7.0
3.0
11.0
-3.0
1.0
-2.0
3.0
6.0
12.0
-4.0
12.0
-8.0
11.0
9.0
6.0
9.0
4.0
-41.0
9.0
7.0
13.0
12.0
2.0
-2.0
8.0
6.0
12.0
8.0
-6.0
7.0
-29.0
6.0
7.0
8.0
1.0
7.0
8.0
9.0
3.0
10.0
7.0
8.0
6.0
8.0
10.0
7.0
2.0
-8.0
3.0
11.0
0.0
-3.0
4.0
1.0
4.0
7.0
8.0
8.0
5.0
15.0
4.0
3.0
5.0
-4.0
8.0
9.0
9.0
-73.0
7.0
8.0
4.0
8.0
5.0
6.0
8.0
9.0
7.0
2.0
10.0
7.0
13.0
3.0
-10.0
5.0
-3.0
-3.0
2.0
7.0
9.0
-8.0
5.0
5.0
9.0
-4.0
13.0
-18.0
11.0
1.0
9.0
7.0
12.0
-41.0
8.0
-3.0
-5.0
6.0
2.0
12.0
-8.0
7.0
13.0
7.0
7.0
11.0
-7.0
9.0
7.0
7.0
14.0
6.0
1.0
10.0
4.0
-3.0
6.0
8.0
10.0
7.0
-26.0
10.0
4.0
0.0
7.0
10.0
1.0
12.0
5.0
5.0
1.0
1.0
12.0
7.0
6.0
11.0
7.0
4.0
9.0
9.0
9.0
8.0
11.0
2.0
4.0
11.0
3.0
7.0
10.0
3.0
7.0
8.0
4.0
0.0
5.0
-4.0
5.0
11.0
6.0
2.0
11.0
-28.0
13.0
-14.0
5.0
12.0
9.0
9.0
9.0
7.0
11.0
1.0
10.0
3.0
3.0
5.0
7.0
5.0
7.0
11.0
10.0
11.0
10.0
10.0
7.0
9.0
-6.0
6.0
6.0
3.0
-1.0
3.0
-6.0
12.0
8.0
10.0
6.0
6.0
8.0
4.0
6.0
-4.0
8.0
6.0
4.0
11.0
8.0
9.0
-3.0
-6.0
5.0
10.0
11.0
11.0
9.0
8.0
13.0
7.0
-3.0
10.0
10.0
4.0
10.0
8.0
11.0
10.0
11.0
8.0
8.0
8.0
9.0
7.0
7.0
8.0
6.0
8.0
9.0
6.0
10.0
10.0
14.0
5.0
-1.0
11.0
10.0
6.0
3.0
5.0
8.0
0.0
7.0
7.0
10.0
9.0
10.0
13.0
6.0
6.0
5.0
9.0
8.0
6.0
7.0
5.0
12.0
8.0
7.0
2.0
10.0
5.0
9.0
-15.0
7.0
5.0
6.0
5.0
-2.0
11.0
4.0
-5.0
4.0
13.0
5.0
11.0
5.0
-19.0
4.0
7.0
8.0
3.0
11.0
8.0
4.0
6.0
6.0
7.0
2.0
11.0
6.0
3.0
8.0
14.0
8.0
1.0
4.0
12.0
8.0
-70.0
7.0
0.0
8.0
12.0
4.0
6.0
7.0
8.0
8.0
4.0
15.0
7.0
10.0
9.0
14.0
11.0
11.0
-3.0
13.0
10.0
6.0
5.0
-22.0
4.0
11.0
5.0
6.0
12.0
5.0
3.0
4.0
7.0
4.0
8.0
9.0
7.0
4.0
11.0
11.0
7.0
9.0
11.0
-1.0
10.0
10.0
7.0
9.0
9.0
10.0
8.0
8.0
5.0
5.0
4.0
8.0
7.0
6.0
6.0
9.0
7.0
12.0
4.0
4.0
8.0
-5.0
7.0
3.0
4.0
10.0
12.0
6.0
8.0
7.0
9.0
6.0
3.0
-23.0
11.0
8.0
8.0
9.0
3.0
-6.0
10.0
-7.0
3.0
5.0
5.0
10.0
11.0
-3.0
10.0
12.0
5.0
1.0
11.0
5.0
10.0
10.0
4.0
6.0
10.0
9.0
7.0
5.0
8.0
7.0
6.0
7.0
10.0
6.0
6.0
7.0
8.0
5.0
10.0
5.0
4.0
8.0
0.0
12.0
10.0
14.0
8.0
3.0
15.0
9.0
14.0
7.0
8.0
10.0
13.0
9.0
4.0
8.0
11.0
7.0
5.0
11.0
11.0
11.0
10.0
10.0
15.0
8.0
14.0
7.0
8.0
5.0
4.0
12.0
11.0
7.0
-6.0
8.0
8.0
5.0
7.0
6.0
7.0
3.0
4.0
6.0
3.0
6.0
5.0
6.0
-1.0
7.0
1.0
9.0
10.0
9.0
10.0
4.0
5.0
8.0
-4.0
15.0
8.0
10.0
10.0
5.0
9.0
10.0
4.0
9.0
11.0
9.0
6.0
3.0
7.0
7.0
5.0
13.0
4.0
7.0
14.0
8.0
6.0
1.0
10.0
9.0
11.0
10.0
8.0
6.0
11.0
5.0
11.0
12.0
10.0
11.0
7.0
5.0
8.0
10.0
8.0
-2.0
10.0
8.0
7.0
6.0
5.0
7.0
14.0
8.0
4.0
5.0
8.0
12.0
5.0
7.0
6.0
4.0
5.0
8.0
6.0
11.0
8.0
13.0
-7.0
7.0
6.0
8.0
14.0
10.0
8.0
-4.0
6.0
5.0
5.0
14.0
6.0
9.0
4.0
11.0
6.0
9.0
12.0
9.0
-4.0
9.0
13.0
11.0
5.0
5.0
4.0
8.0
5.0
1.0
9.0
12.0
7.0
9.0
8.0
7.0
5.0
6.0
9.0
7.0
6.0
8.0
4.0
11.0
12.0
7.0
4.0
-1.0
9.0
9.0
9.0
5.0
11.0
-4.0
11.0
3.0
8.0
4.0
7.0
8.0
11.0
-16.0
10.0
8.0
9.0
2.0
5.0
5.0
8.0
7.0
6.0
9.0
8.0
10.0
9.0
8.0
13.0
3.0
8.0
4.0
-6.0
6.0
4.0
5.0
8.0
6.0
5.0
10.0
6.0
6.0
4.0
9.0
9.0
9.0
7.0
3.0
15.0
10.0
6.0
14.0
6.0
9.0
7.0
9.0
14.0
6.0
10.0
3.0
11.0
7.0
7.0
3.0
11.0
4.0
6.0
5.0
4.0
6.0
7.0
6.0
11.0
9.0
-6.0
8.0
7.0
8.0
6.0
4.0
8.0
5.0
5.0
6.0
5.0
6.0
11.0
10.0
11.0
8.0
5.0
9.0
5.0
6.0
12.0
12.0
8.0
4.0
11.0
9.0
7.0
11.0
10.0
4.0
6.0
8.0
6.0
4.0
6.0
8.0
7.0
6.0
11.0
5.0
15.0
7.0
7.0
-1.0
7.0
6.0
7.0
8.0
9.0
-2.0
6.0
6.0
10.0
6.0
8.0
8.0
6.0
8.0
7.0
-4.0
8.0
8.0
4.0
13.0
5.0
9.0
7.0
5.0
12.0
9.0
8.0
4.0
3.0
8.0
10.0
5.0
7.0
10.0
8.0
10.0
3.0
7.0
9.0
5.0
10.0
9.0
6.0
-5.0
7.0
12.0
5.0
7.0
5.0
5.0
12.0
10.0
10.0
5.0
7.0
11.0
-33.0
9.0
11.0
11.0
6.0
10.0
5.0
7.0
3.0
4.0
9.0
8.0
8.0
3.0
7.0
5.0
13.0
9.0
6.0
9.0
5.0
10.0
6.0
5.0
5.0
7.0
8.0
9.0
6.0
-3.0
5.0
6.0
10.0
5.0
9.0
5.0
7.0
4.0
8.0
11.0
6.0
6.0
8.0
10.0
10.0
4.0
5.0
13.0
10.0
3.0
6.0
4.0
4.0
6.0
8.0
5.0
6.0
6.0
8.0
10.0
2.0
9.0
10.0
11.0
10.0
7.0
6.0
11.0
6.0
8.0
8.0
8.0
8.0
9.0
11.0
5.0
8.0
-2.0
8.0
-4.0
7.0
7.0
3.0
3.0
5.0
8.0
10.0
6.0
6.0
3.0
6.0
10.0
7.0
11.0
9.0
5.0
13.0
8.0
11.0
8.0
10.0
5.0
9.0
9.0
10.0
10.0
7.0
9.0
4.0
6.0
5.0
6.0
11.0
4.0
11.0
5.0
10.0
8.0
9.0
9.0
9.0
10.0
13.0
9.0
5.0
8.0
9.0
6.0
6.0
5.0
10.0
6.0
3.0
6.0
10.0
6.0
5.0
7.0
3.0
3.0
8.0
-4.0
8.0
13.0
14.0
7.0
11.0
10.0
6.0
7.0
6.0
7.0
9.0
4.0
10.0
9.0
7.0
12.0
9.0
5.0
4.0
7.0
6.0
11.0
9.0
10.0
9.0
8.0
6.0
8.0
4.0
6.0
8.0
7.0
3.0
8.0
7.0
12.0
10.0
7.0
5.0
8.0
9.0
5.0
5.0
10.0
6.0
10.0
6.0
10.0
8.0
0.0
7.0
8.0
5.0
5.0
6.0
11.0
7.0
9.0
8.0
7.0
11.0
5.0
5.0
6.0
10.0
7.0
8.0
10.0
7.0
5.0
9.0
4.0
7.0
7.0
-2.0
12.0
8.0
7.0
11.0
5.0
4.0
11.0
8.0
6.0
15.0
6.0
7.0
11.0
7.0
7.0
3.0
-9.0
8.0
8.0
10.0
11.0
12.0
6.0
6.0
8.0
7.0
7.0
6.0
11.0
8.0
9.0
9.0
10.0
4.0
11.0
11.0
12.0
8.0
9.0
6.0
8.0
14.0
-2.0
10.0
9.0
7.0
5.0
4.0
5.0
6.0
7.0
9.0
10.0
4.0
11.0
8.0
7.0
9.0
8.0
5.0
8.0
9.0
4.0
5.0
8.0
9.0
10.0
7.0
11.0
10.0
9.0
3.0
5.0
10.0
10.0
5.0
7.0
4.0
9.0
11.0
8.0
-5.0
13.0
8.0
7.0
5.0
7.0
14.0
11.0
6.0
9.0
-5.0
12.0
12.0
8.0
4.0
8.0
9.0
10.0
7.0
6.0
5.0
5.0
12.0
4.0
9.0
3.0
6.0
11.0
11.0
4.0
7.0
10.0
10.0
5.0
7.0
9.0
4.0
12.0
8.0
4.0
8.0
5.0
7.0
8.0
8.0
10.0
5.0
6.0
6.0
12.0
7.0
8.0
10.0
8.0
9.0
8.0
6.0
7.0
1.0
15.0
7.0
6.0
9.0
9.0
9.0
8.0
9.0
10.0
6.0
7.0
8.0
8.0
7.0
12.0
7.0
9.0
8.0
4.0
9.0
10.0
10.0
8.0
6.0
6.0
4.0
11.0
-3.0
10.0
-83.0
10.0
4.0
11.0
6.0
7.0
6.0
14.0
12.0
9.0
5.0
6.0
12.0
1.0
13.0
6.0
7.0
6.0
6.0
4.0
6.0
9.0
5.0
14.0
7.0
-4.0
12.0
5.0
9.0
11.0
8.0
6.0
6.0
14.0
10.0
12.0
13.0
7.0
9.0
8.0
11.0
11.0
9.0
6.0
8.0
5.0
8.0
13.0
9.0
7.0
9.0
11.0
5.0
4.0
5.0
13.0
10.0
9.0
6.0
10.0
11.0
9.0
8.0
6.0
4.0
10.0
13.0
7.0
11.0
10.0
9.0
5.0
7.0
6.0
11.0
8.0
7.0
5.0
12.0
6.0
7.0
8.0
8.0
8.0
8.0
4.0
10.0
-8.0
8.0
5.0
12.0
9.0
8.0
6.0
12.0
8.0
9.0
8.0
11.0
5.0
6.0
13.0
