-731.0
-758.0
-884.0
-740.0
-857.0
-875.0
-749.0
-695.0
-803.0
-299.0
-668.0
-632.0
-803.0
-731.0
-812.0
-731.0
-704.0
-803.0
-749.0
-749.0
-704.0
-821.0
-803.0
-767.0
-722.0
-731.0
-749.0
-530.0
-704.0
-758.0
-749.0
-830.0
-893.0
-803.0
-677.0
-659.0
-641.0
-848.0
-704.0
-776.0
-704.0
-625.0
-758.0
-740.0
-749.0
-722.0
-758.0
-668.0
-677.0
-731.0
-794.0
-830.0
-596.0
-794.0
-848.0
-650.0
-785.0
-821.0
-722.0
-686.0
-578.0
-578.0
-677.0
-722.0
-288.0
-623.0
-848.0
-812.0
-803.0
-875.0
-695.0
-641.0
-722.0
-794.0
-677.0
-731.0
-758.0
-650.0
-608.0
-704.0
-803.0
-560.0
-713.0
-686.0
-722.0
-740.0
-668.0
-794.0
-722.0
-821.0
-578.0
-650.0
-794.0
-659.0
-587.0
-659.0
-650.0
-605.0
-740.0
-704.0
-668.0
-686.0
-30.0
-722.0
-695.0
-596.0
-569.0
-659.0
-722.0
-632.0
-686.0
-740.0
-659.0
-650.0
-758.0
-650.0
-677.0
-542.0
-614.0
-704.0
-623.0
-686.0
-650.0
-596.0
-632.0
-117.0
-785.0
-767.0
-695.0
-578.0
-533.0
-596.0
-731.0
-551.0
-704.0
-578.0
-668.0
-668.0
-605.0
-650.0
-704.0
-614.0
-641.0
-803.0
-614.0
-632.0
-641.0
-650.0
-704.0
-632.0
-614.0
-659.0
-632.0
-506.0
-605.0
-560.0
-578.0
-695.0
-605.0
-641.0
-479.0
-239.0
-650.0
-587.0
-596.0
-704.0
-488.0
-569.0
-650.0
-659.0
-695.0
-578.0
-569.0
-605.0
-677.0
-605.0
-524.0
-623.0
-659.0
-650.0
-533.0
-515.0
-578.0
-623.0
-596.0
-641.0
-605.0
-614.0
-542.0
-587.0
-560.0
-578.0
-343.0
-533.0
-605.0
-659.0
-641.0
-596.0
-596.0
-623.0
-623.0
-560.0
-284.0
-614.0
-551.0
-569.0
-551.0
-596.0
-623.0
-578.0
-632.0
-686.0
-623.0
-551.0
-560.0
-470.0
-470.0
-416.0
-578.0
-569.0
-560.0
-641.0
-515.0
-596.0
-542.0
-641.0
-560.0
-686.0
-632.0
-623.0
-623.0
-614.0
-596.0
-578.0
-515.0
-395.0
-578.0
-551.0
-497.0
-668.0
-632.0
-515.0
-686.0
-623.0
-551.0
-524.0
-569.0
-596.0
-125.0
-497.0
-533.0
-560.0
-623.0
-569.0
-560.0
-542.0
-470.0
-551.0
-542.0
-524.0
-596.0
-515.0
-542.0
-497.0
-533.0
-515.0
-524.0
-605.0
-452.0
-605.0
-541.0
-470.0
-425.0
-443.0
-542.0
-461.0
-506.0
-560.0
-596.0
-506.0
-524.0
-497.0
-560.0
-497.0
-515.0
1.0
-560.0
-506.0
-407.0
-488.0
-569.0
-542.0
-452.0
-488.0
-542.0
-542.0
-506.0
-623.0
-470.0
-542.0
-560.0
-641.0
-542.0
-50.0
-488.0
-515.0
-515.0
-506.0
-524.0
-533.0
-515.0
-497.0
-506.0
-551.0
-452.0
-479.0
-470.0
-551.0
-515.0
-497.0
-542.0
-470.0
-452.0
-479.0
-506.0
-551.0
-506.0
-416.0
-524.0
-488.0
-542.0
-533.0
-407.0
-605.0
-605.0
-488.0
-407.0
-228.0
-398.0
-443.0
-497.0
-371.0
-533.0
-497.0
-443.0
-479.0
-398.0
-470.0
-371.0
-515.0
-470.0
-551.0
-542.0
-461.0
-569.0
-440.0
-497.0
-389.0
-407.0
-425.0
-488.0
-479.0
-488.0
-443.0
-434.0
-488.0
-551.0
-605.0
-470.0
-434.0
-488.0
-506.0
-452.0
-515.0
-569.0
-407.0
-479.0
-407.0
-416.0
-416.0
-425.0
-416.0
-434.0
-569.0
-524.0
-479.0
-380.0
-506.0
-461.0
-461.0
-497.0
-416.0
-416.0
-425.0
-407.0
-506.0
-506.0
-365.0
-542.0
-443.0
-524.0
-479.0
-389.0
-380.0
-488.0
-506.0
-398.0
-398.0
-443.0
-461.0
-470.0
-479.0
-497.0
-434.0
-479.0
-461.0
-434.0
-326.0
-353.0
-452.0
-524.0
-443.0
-380.0
-362.0
-416.0
-470.0
-416.0
-470.0
-335.0
-380.0
-479.0
-443.0
-497.0
-217.0
-506.0
-389.0
-578.0
-380.0
-479.0
-317.0
-299.0
-461.0
-389.0
-353.0
-425.0
-434.0
-389.0
-452.0
-407.0
-497.0
-407.0
-353.0
-479.0
-317.0
-452.0
-344.0
-335.0
-461.0
-434.0
-371.0
-371.0
-434.0
-461.0
-488.0
-479.0
-389.0
-335.0
-443.0
-443.0
-308.0
-497.0
-470.0
-452.0
-470.0
-461.0
-353.0
-416.0
-443.0
-497.0
-398.0
-362.0
-407.0
-470.0
-362.0
-398.0
-425.0
-569.0
-371.0
-362.0
-248.0
-398.0
-461.0
-398.0
-398.0
-407.0
-353.0
-452.0
-407.0
-262.0
-344.0
-389.0
-380.0
-353.0
-407.0
-452.0
-398.0
-335.0
-425.0
-371.0
-353.0
-371.0
-203.0
-362.0
-169.0
-353.0
-425.0
-353.0
-326.0
-344.0
-335.0
-326.0
-488.0
-443.0
-353.0
-425.0
-353.0
-407.0
-416.0
-362.0
-416.0
-452.0
-317.0
-434.0
-344.0
-389.0
-335.0
-398.0
-308.0
-389.0
-416.0
-488.0
-299.0
-416.0
-398.0
-317.0
-371.0
-362.0
-416.0
-21.0
-362.0
-407.0
-398.0
-308.0
-434.0
-425.0
-299.0
-371.0
-308.0
-398.0
-407.0
-443.0
-87.0
-389.0
-335.0
-407.0
-398.0
-335.0
-407.0
-398.0
-344.0
-389.0
-344.0
-389.0
-398.0
-335.0
-344.0
-371.0
-317.0
-398.0
-470.0
-380.0
-33.0
-263.0
-362.0
-389.0
-344.0
-434.0
-371.0
-407.0
-335.0
-398.0
-353.0
-112.0
-154.0
-398.0
-443.0
-344.0
-102.0
-389.0
-299.0
-362.0
-317.0
-362.0
-317.0
-42.0
-425.0
-344.0
-317.0
-407.0
-380.0
-398.0
-371.0
-371.0
-425.0
-362.0
-380.0
-398.0
-380.0
-434.0
-335.0
-389.0
-317.0
-443.0
-344.0
-290.0
-317.0
-281.0
-335.0
-299.0
-308.0
-239.0
-353.0
-380.0
-551.0
-362.0
-272.0
-506.0
-389.0
-281.0
-353.0
-326.0
-245.0
-254.0
-344.0
-281.0
-353.0
-398.0
-335.0
-317.0
-362.0
-299.0
-389.0
-245.0
-344.0
-362.0
-335.0
-425.0
-344.0
-380.0
-317.0
-290.0
-308.0
-317.0
-299.0
-344.0
-362.0
-389.0
-371.0
-59.0
-353.0
-245.0
-344.0
-479.0
-308.0
-17.0
-398.0
-371.0
-299.0
-326.0
-371.0
-317.0
-326.0
-69.0
-290.0
-215.0
-170.0
-389.0
-335.0
-344.0
-308.0
-317.0
-178.0
-344.0
-335.0
-308.0
-5.0
-254.0
-335.0
-335.0
-251.0
-326.0
-353.0
-326.0
-488.0
-113.0
-344.0
-398.0
-317.0
-380.0
-8.0
-344.0
-362.0
-317.0
-362.0
-362.0
-290.0
-317.0
-362.0
-344.0
-317.0
-353.0
-161.0
-263.0
-317.0
-326.0
-389.0
-308.0
-317.0
-362.0
-353.0
-299.0
-344.0
-98.0
-317.0
-154.0
-353.0
-326.0
-308.0
-254.0
-389.0
-13.0
-227.0
-73.0
-158.0
-90.0
-353.0
-35.0
-88.0
-112.0
-353.0
-66.0
-95.0
-140.0
-299.0
-317.0
-308.0
-380.0
-45.0
-53.0
-344.0
-389.0
-206.0
-81.0
-398.0
-123.0
-290.0
-344.0
-5.0
-95.0
-362.0
-272.0
-87.0
-129.0
-299.0
-20.0
-308.0
-240.0
-15.0
-317.0
-308.0
-299.0
-49.0
-259.0
-299.0
-281.0
-317.0
-21.0
-63.0
-344.0
-71.0
-362.0
-53.0
-308.0
-234.0
-59.0
-254.0
-184.0
-163.0
-272.0
-71.0
-254.0
-326.0
-380.0
-274.0
-28.0
-45.0
-2.0
-263.0
-70.0
-27.0
-335.0
-26.0
-317.0
-35.0
-4.0
-124.0
-83.0
-203.0
3.0
-47.0
-60.0
-22.0
-362.0
-344.0
-272.0
-263.0
12.0
-95.0
-3.0
-281.0
-1.0
-99.0
-78.0
-240.0
-201.0
-4.0
-23.0
-48.0
-76.0
-26.0
-272.0
-254.0
-17.0
-13.0
-62.0
-95.0
-167.0
-60.0
-299.0
-73.0
-15.0
10.0
-281.0
-271.0
-132.0
0.0
-308.0
-3.0
-5.0
10.0
-182.0
-272.0
-290.0
-128.0
-632.0
-64.0
-28.0
-91.0
-1.0
-272.0
-149.0
-64.0
-76.0
-263.0
7.0
-47.0
-81.0
-110.0
-317.0
-8.0
-37.0
-290.0
-7.0
15.0
-34.0
-89.0
-82.0
-142.0
-26.0
-147.0
-218.0
-70.0
11.0
11.0
-245.0
-46.0
-7.0
-335.0
-7.0
-317.0
-245.0
10.0
7.0
-27.0
-2.0
11.0
6.0
-272.0
9.0
-299.0
-299.0
-299.0
-299.0
-344.0
-9.0
-76.0
-317.0
-281.0
-263.0
-33.0
-53.0
-1.0
-326.0
-344.0
-58.0
-40.0
-308.0
-3.0
-299.0
-308.0
-136.0
-9.0
-6.0
-290.0
-317.0
-250.0
-254.0
-19.0
-2.0
-134.0
-290.0
-69.0
5.0
4.0
-335.0
-20.0
-36.0
-57.0
-32.0
-79.0
-317.0
-245.0
-353.0
-49.0
-10.0
-7.0
-14.0
-208.0
-245.0
-254.0
-299.0
-290.0
-7.0
-308.0
6.0
-52.0
7.0
-67.0
-326.0
-281.0
-223.0
-9.0
-254.0
-290.0
-10.0
-3.0
-254.0
7.0
-104.0
-15.0
-32.0
-299.0
4.0
-299.0
6.0
5.0
-254.0
-308.0
-245.0
7.0
9.0
-4.0
-254.0
-88.0
1.0
-19.0
-4.0
-39.0
14.0
-7.0
2.0
0.0
10.0
-14.0
0.0
-263.0
0.0
-263.0
-272.0
9.0
-227.0
-245.0
-8.0
-281.0
-272.0
-290.0
-27.0
-9.0
-6.0
9.0
-104.0
-218.0
-254.0
-317.0
6.0
-263.0
3.0
-84.0
9.0
-8.0
-34.0
-272.0
-254.0
-281.0
5.0
-281.0
-15.0
-48.0
-71.0
-7.0
-90.0
-290.0
-3.0
1.0
-227.0
-272.0
5.0
-203.0
5.0
11.0
-105.0
-254.0
-254.0
-24.0
-18.0
-1.0
9.0
-16.0
-57.0
-263.0
-24.0
-272.0
-281.0
-272.0
-281.0
-4.0
-24.0
-22.0
-263.0
-70.0
8.0
7.0
-218.0
-254.0
-353.0
-263.0
-272.0
-218.0
1.0
-272.0
-254.0
-23.0
8.0
3.0
-14.0
7.0
-10.0
-3.0
2.0
-236.0
-245.0
8.0
2.0
-272.0
-254.0
5.0
-3.0
3.0
-299.0
-281.0
-236.0
-9.0
-104.0
0.0
-254.0
-47.0
-38.0
-1.0
-308.0
-47.0
-21.0
0.0
-281.0
3.0
-12.0
-4.0
-52.0
-4.0
-38.0
7.0
-263.0
-308.0
14.0
-263.0
-263.0
8.0
-8.0
-10.0
-263.0
-4.0
-3.0
-24.0
0.0
-236.0
-290.0
13.0
3.0
-254.0
-11.0
-28.0
-3.0
-245.0
11.0
-25.0
-236.0
-236.0
-236.0
12.0
-4.0
-82.0
-245.0
-53.0
1.0
6.0
-308.0
-263.0
-77.0
-218.0
-8.0
10.0
8.0
12.0
-272.0
7.0
-245.0
-3.0
-24.0
-227.0
9.0
-272.0
-3.0
-9.0
-56.0
13.0
7.0
-263.0
9.0
-138.0
11.0
4.0
-6.0
0.0
5.0
-254.0
8.0
8.0
8.0
-10.0
-32.0
-236.0
-18.0
-65.0
3.0
-5.0
9.0
2.0
0.0
-227.0
-4.0
-236.0
-236.0
8.0
-54.0
10.0
-2.0
10.0
-17.0
-11.0
-3.0
-10.0
-2.0
-236.0
-227.0
8.0
-227.0
-32.0
-281.0
-6.0
-236.0
-5.0
-7.0
3.0
-227.0
-88.0
-236.0
4.0
-4.0
-272.0
7.0
-254.0
2.0
-254.0
5.0
6.0
9.0
-46.0
4.0
-25.0
-15.0
-46.0
-6.0
-59.0
-10.0
5.0
-2.0
-281.0
-24.0
-236.0
-74.0
3.0
-236.0
4.0
-50.0
-263.0
-263.0
-236.0
10.0
2.0
9.0
6.0
-1.0
-10.0
9.0
3.0
-290.0
-263.0
-7.0
-4.0
0.0
-245.0
-2.0
-254.0
4.0
-17.0
5.0
-227.0
-17.0
-241.0
3.0
-218.0
2.0
7.0
-30.0
-122.0
-236.0
-14.0
9.0
-76.0
-29.0
4.0
4.0
-11.0
11.0
8.0
8.0
8.0
9.0
1.0
-93.0
-245.0
-218.0
-236.0
-16.0
-121.0
5.0
-31.0
6.0
11.0
1.0
-245.0
-3.0
6.0
0.0
-24.0
-218.0
-108.0
6.0
-245.0
9.0
7.0
7.0
9.0
-245.0
-4.0
-7.0
6.0
-4.0
-245.0
-218.0
14.0
9.0
11.0
7.0
12.0
8.0
-254.0
9.0
6.0
5.0
9.0
-5.0
11.0
-6.0
2.0
-227.0
2.0
-12.0
-2.0
-254.0
-245.0
-16.0
5.0
9.0
8.0
-272.0
-236.0
-2.0
9.0
-218.0
-245.0
2.0
3.0
-263.0
-6.0
6.0
3.0
10.0
3.0
-1.0
-236.0
-5.0
-218.0
5.0
5.0
2.0
8.0
-3.0
10.0
8.0
4.0
12.0
-20.0
6.0
6.0
-227.0
-245.0
8.0
-389.0
10.0
4.0
-236.0
-218.0
-15.0
-209.0
-263.0
-103.0
7.0
8.0
12.0
-58.0
6.0
-58.0
-51.0
-36.0
-209.0
-6.0
-3.0
12.0
5.0
8.0
-236.0
-227.0
-227.0
7.0
-245.0
9.0
5.0
-218.0
-254.0
0.0
-218.0
-7.0
-245.0
6.0
6.0
-2.0
11.0
12.0
9.0
-254.0
11.0
8.0
-236.0
-218.0
-263.0
-63.0
-236.0
-5.0
5.0
8.0
-2.0
10.0
7.0
11.0
-15.0
-9.0
-2.0
-218.0
7.0
-26.0
8.0
-116.0
8.0
-23.0
-7.0
9.0
-78.0
-2.0
-49.0
3.0
11.0
7.0
-227.0
12.0
-44.0
2.0
5.0
-8.0
-227.0
9.0
-1.0
-218.0
-245.0
-218.0
-218.0
-69.0
0.0
4.0
9.0
8.0
-245.0
-245.0
-245.0
-209.0
11.0
5.0
5.0
-218.0
-236.0
-263.0
-200.0
-200.0
6.0
-131.0
-65.0
-209.0
6.0
-218.0
5.0
3.0
5.0
-4.0
-227.0
-218.0
6.0
-227.0
6.0
5.0
3.0
4.0
8.0
-254.0
10.0
-122.0
1.0
10.0
-2.0
13.0
-227.0
-204.0
-102.0
-60.0
-16.0
7.0
-4.0
-13.0
-15.0
7.0
-245.0
-6.0
-15.0
11.0
-236.0
10.0
10.0
3.0
-9.0
3.0
-8.0
10.0
-218.0
1.0
6.0
-4.0
-218.0
-218.0
-20.0
-96.0
-227.0
7.0
-245.0
14.0
-21.0
-4.0
1.0
-200.0
9.0
8.0
10.0
8.0
9.0
-26.0
-209.0
-7.0
-245.0
4.0
-5.0
-209.0
-209.0
-183.0
-140.0
7.0
13.0
-69.0
-236.0
-5.0
6.0
7.0
12.0
0.0
-245.0
-32.0
-218.0
-200.0
-218.0
-209.0
-227.0
6.0
-103.0
-134.0
-236.0
-87.0
-218.0
-209.0
-28.0
-236.0
-227.0
-218.0
-209.0
-157.0
1.0
-236.0
-87.0
-100.0
0.0
-236.0
-103.0
-15.0
-29.0
-32.0
-209.0
-236.0
-200.0
-218.0
-218.0
-227.0
-209.0
-227.0
-218.0
-245.0
-227.0
-776.0
-272.0
-227.0
-245.0
-218.0
-227.0
-236.0
-200.0
-218.0
-1946.0
-209.0
-236.0
-218.0
-209.0
-227.0
-236.0
-218.0
-209.0
-209.0
-200.0
-227.0
-227.0
-200.0
-227.0
-227.0
-102.0
-209.0
-227.0
-218.0
-57.0
-82.0
-209.0
-218.0
-68.0
-218.0
-218.0
-218.0
-209.0
-227.0
-218.0
-254.0
-200.0
-227.0
-209.0
-200.0
-200.0
-209.0
-227.0
-245.0
-281.0
-227.0
-344.0
-218.0
-200.0
-218.0
-236.0
-227.0
-227.0
-263.0
-227.0
-236.0
-209.0
-200.0
-218.0
-452.0
-93.0
-24.0
-209.0
-218.0
-20.0
-236.0
-227.0
-803.0
-218.0
-200.0
-227.0
-209.0
-236.0
-218.0
-209.0
-245.0
-245.0
-200.0
-227.0
-200.0
-209.0
-209.0
-227.0
-209.0
-200.0
-200.0
-200.0
-209.0
-200.0
-209.0
-174.0
-200.0
-209.0
-434.0
-209.0
-227.0
-218.0
-209.0
-245.0
-209.0
-227.0
-227.0
-209.0
-209.0
2.0
-236.0
-218.0
-227.0
-218.0
-200.0
-200.0
-200.0
-236.0
-140.0
-227.0
-49.0
-245.0
-91.0
-245.0
-209.0
-209.0
-596.0
-218.0
-200.0
-218.0
-155.0
-677.0
-254.0
-200.0
-263.0
-209.0
-200.0
-236.0
-209.0
-209.0
-227.0
-947.0
-227.0
-227.0
-47.0
-218.0
-11.0
-209.0
4.0
-218.0
-107.0
-31.0
-209.0
-218.0
-209.0
-236.0
-200.0
-218.0
-38.0
-16.0
-200.0
-1559.0
-236.0
-209.0
-218.0
-138.0
-180.0
-133.0
-236.0
-209.0
-236.0
6.0
-236.0
-218.0
-218.0
-209.0
-200.0
-200.0
-218.0
-209.0
-7.0
-209.0
-227.0
-200.0
-236.0
-200.0
-200.0
-209.0
10.0
-200.0
-218.0
-218.0
-200.0
-236.0
-236.0
-218.0
-122.0
-88.0
11.0
-46.0
-209.0
-209.0
-227.0
-200.0
-209.0
-209.0
-227.0
-227.0
-218.0
-236.0
-209.0
-218.0
-209.0
-200.0
-209.0
-578.0
-218.0
-227.0
-218.0
-218.0
-209.0
-200.0
-200.0
-227.0
-209.0
-218.0
-245.0
-236.0
-218.0
-105.0
-218.0
-281.0
-209.0
-209.0
-218.0
-209.0
-227.0
-209.0
-209.0
-218.0
-209.0
-209.0
-200.0
-227.0
-308.0
-209.0
-218.0
-13.0
7.0
-209.0
-479.0
-209.0
-200.0
-218.0
-532.0
-227.0
-209.0
-209.0
-209.0
-218.0
-218.0
-200.0
-209.0
-209.0
-200.0
-218.0
-200.0
-227.0
-902.0
-227.0
-209.0
-218.0
-947.0
-200.0
-236.0
-200.0
-200.0
-209.0
-389.0
-227.0
-200.0
-218.0
-821.0
-209.0
-200.0
-209.0
-200.0
-218.0
-209.0
-209.0
-209.0
-218.0
-218.0
-200.0
-218.0
-218.0
-209.0
-227.0
-200.0
-218.0
-227.0
-398.0
-209.0
-218.0
-209.0
-200.0
-209.0
-209.0
-200.0
-209.0
-1253.0
-227.0
-227.0
-200.0
-200.0
-245.0
-236.0
-236.0
-479.0
-200.0
-200.0
-209.0
5.0
-89.0
-227.0
-209.0
-209.0
-218.0
-200.0
-686.0
-1019.0
-200.0
10.0
-524.0
-209.0
-227.0
-209.0
-209.0
-209.0
-245.0
-209.0
-218.0
-209.0
-200.0
-209.0
-209.0
-200.0
-200.0
-209.0
-227.0
-218.0
-200.0
-200.0
-200.0
-200.0
-209.0
-200.0
-200.0
-209.0
-1982.0
-218.0
-209.0
-209.0
-200.0
-200.0
-209.0
-200.0
-209.0
-200.0
-227.0
-200.0
-200.0
-227.0
-218.0
-209.0
-200.0
-200.0
-218.0
-209.0
-218.0
-209.0
-200.0
-200.0
-218.0
-218.0
-209.0
-200.0
-209.0
-200.0
-209.0
-200.0
-227.0
-209.0
-209.0
-200.0
-200.0
-209.0
-200.0
-209.0
-200.0
-200.0
-200.0
-200.0
-209.0
-200.0
-209.0
-200.0
-209.0
-227.0
-227.0
-200.0
-200.0
-209.0
-200.0
-200.0
-200.0
-209.0
-200.0
-218.0
-209.0
-200.0
-200.0
9.0
-218.0
-209.0
-200.0
-209.0
-200.0
-200.0
-209.0
-209.0
-200.0
-200.0
-200.0
-209.0
-200.0
-227.0
-218.0
-209.0
-218.0
-218.0
-218.0
-209.0
-209.0
-209.0
-200.0
-218.0
-236.0
-218.0
-200.0
-209.0
-209.0
-209.0
-218.0
-200.0
-785.0
-209.0
-218.0
-218.0
-227.0
-389.0
-200.0
-227.0
-209.0
-209.0
-209.0
-587.0
-200.0
-209.0
-209.0
-209.0
-200.0
-218.0
-209.0
-209.0
-218.0
-209.0
-209.0
-200.0
-200.0
-200.0
-209.0
-200.0
-209.0
-218.0
-200.0
-200.0
-209.0
-209.0
-209.0
-200.0
-209.0
-227.0
-200.0
-209.0
-200.0
-200.0
-200.0
-200.0
-209.0
-236.0
-200.0
-209.0
-218.0
-200.0
-200.0
-200.0
-209.0
-200.0
-200.0
-209.0
-209.0
-200.0
-200.0
-209.0
-200.0
-209.0
-200.0
-209.0
-209.0
-218.0
-200.0
-524.0
-209.0
-200.0
-209.0
-218.0
-209.0
-209.0
-209.0
-200.0
-236.0
-200.0
-218.0
-425.0
-218.0
-218.0
-209.0
-200.0
-200.0
-218.0
-209.0
-209.0
-200.0
-209.0
-209.0
-209.0
-209.0
-209.0
-209.0
-209.0
-227.0
-209.0
-209.0
-218.0
-200.0
-209.0
-209.0
-200.0
-218.0
-209.0
-209.0
-1586.0
-209.0
-200.0
-200.0
-218.0
-200.0
-200.0
-209.0
-200.0
-209.0
-209.0
-200.0
-227.0
-200.0
-209.0
-209.0
-218.0
-200.0
-200.0
-200.0
-200.0
-209.0
-200.0
-200.0
-209.0
-200.0
-200.0
-200.0
-200.0
-218.0
-218.0
-200.0
-200.0
-200.0
-200.0
-209.0
-200.0
-209.0
-200.0
-200.0
-209.0
-209.0
-200.0
-200.0
-200.0
-200.0
-218.0
-218.0
-200.0
-200.0
-218.0
-200.0
-209.0
-209.0
-200.0
-200.0
-200.0
-209.0
-209.0
-227.0
-200.0
-200.0
-200.0
-209.0
-209.0
-200.0
-227.0
-200.0
-209.0
-218.0
-209.0
-200.0
-200.0
-272.0
-209.0
-200.0
-200.0
-209.0
-200.0
-200.0
-209.0
-209.0
-200.0
-200.0
-209.0
-218.0
-200.0
-209.0
-200.0
-209.0
-209.0
-209.0
-200.0
-200.0
-704.0
-209.0
-200.0
-218.0
-200.0
-200.0
-218.0
-200.0
-200.0
-200.0
-1955.0
-209.0
-200.0
-200.0
-200.0
-218.0
-209.0
-209.0
-218.0
-200.0
-218.0
-200.0
-200.0
-209.0
-200.0
-209.0
-200.0
-1406.0
-200.0
-209.0
-209.0
-200.0
-200.0
-209.0
-200.0
-200.0
-209.0
-200.0
-209.0
-200.0
-218.0
-200.0
-218.0
-200.0
-200.0
-236.0
-200.0
-200.0
-200.0
-200.0
-200.0
-200.0
-200.0
-200.0
-200.0
-209.0
-209.0
-200.0
-200.0
-200.0
-209.0
-209.0
-209.0
-209.0
-209.0
-209.0
-218.0
-218.0
-200.0
-209.0
-200.0
-200.0
-209.0
-200.0
-200.0
-398.0
-218.0
-209.0
-218.0
-200.0
-200.0
-200.0
-1073.0
-200.0
-200.0
-200.0
-209.0
-209.0
-209.0
-200.0
-200.0
-200.0
-200.0
-200.0
-218.0
-200.0
-209.0
-200.0
-209.0
-200.0
-236.0
-200.0
-200.0
-200.0
-200.0
-209.0
-209.0
-209.0
-227.0
-200.0
-209.0
-200.0
-200.0
-209.0
-200.0
-218.0
-200.0
-200.0
-209.0
-200.0
-236.0
-200.0
-209.0
-200.0
-209.0
-227.0
-209.0
-200.0
-200.0
-200.0
-218.0
-200.0
-200.0
-209.0
-209.0
-209.0
-209.0
-200.0
-200.0
-200.0
-200.0
-1136.0
-209.0
-200.0
-200.0
-209.0
-200.0
-200.0
-200.0
-209.0
-1991.0
-200.0
-398.0
-209.0
-740.0
-200.0
-200.0
-209.0
-209.0
-200.0
-200.0
-200.0
-200.0
-200.0
-209.0
-200.0
-200.0
-209.0
-200.0
-209.0
-218.0
-209.0
-209.0
-200.0
-218.0
-200.0
-200.0
-371.0
-200.0
-1721.0
-200.0
-1973.0
-200.0
-209.0
-200.0
-209.0
-1982.0
-1991.0
-200.0
-209.0
-200.0
-200.0
-209.0
-218.0
-200.0
-200.0
-200.0
-209.0
-209.0
-281.0
-200.0
-200.0
-209.0
-200.0
-200.0
-200.0
-209.0
-200.0
-200.0
-200.0
-200.0
-209.0
-200.0
-947.0
-200.0
-200.0
-209.0
-209.0
-200.0
-200.0
-209.0
-200.0
-200.0
-1982.0
-200.0
-209.0
-200.0
-200.0
-1928.0
-1946.0
-200.0
-200.0
-200.0
-200.0
-200.0
-209.0
-209.0
-200.0
-200.0
-218.0
-200.0
-1946.0
-2000.0
-209.0
-200.0
-1271.0
-218.0
-209.0
-200.0
-200.0
-218.0
-200.0
-209.0
-209.0
-200.0
-1271.0
-209.0
-200.0
-200.0
-200.0
-200.0
-200.0
-677.0
-200.0
-218.0
-200.0
-200.0
-200.0
-200.0
-200.0
-200.0
-209.0
-200.0
-209.0
-200.0
-218.0
-200.0
-209.0
-200.0
-209.0
-218.0
-200.0
-209.0
-209.0
-200.0
-1982.0
-200.0
-209.0
-1640.0
-200.0
-200.0
-200.0
-209.0
-200.0
-200.0
-200.0
-200.0
-200.0
-200.0
-200.0
-209.0
-209.0
-200.0
-1865.0
-218.0
-1991.0
-200.0
-209.0
-200.0
-200.0
-200.0
-1685.0
-200.0
-200.0
-209.0
-200.0
-200.0
-200.0
-200.0
-200.0
-200.0
-209.0
-209.0
-209.0
-1892.0
-209.0
-1910.0
-200.0
-200.0
-1586.0
-299.0
-209.0
-209.0
-200.0
-200.0
-209.0
-200.0
-200.0
-209.0
-200.0
-200.0
-200.0
-1982.0
-209.0
-200.0
-209.0
-1964.0
-209.0
-209.0
-1964.0
-200.0
-200.0
-200.0
-218.0
-200.0
-200.0
-209.0
-200.0
-209.0
-200.0
-200.0
-209.0
-1073.0
-200.0
-1991.0
-209.0
-200.0
-200.0
-200.0
-200.0
-209.0
-1991.0
-1145.0
-200.0
-200.0
-200.0
-200.0
-200.0
-200.0
-200.0
-200.0
-200.0
-209.0
-200.0
-209.0
-200.0
-200.0
-416.0
-1973.0
-200.0
-200.0
-200.0
-1946.0
-200.0
-209.0
-605.0
-209.0
-209.0
-200.0
-209.0
-200.0
-200.0
-200.0
-200.0
-200.0
-209.0
-200.0
-200.0
-1289.0
-200.0
-200.0
-209.0
-200.0
-263.0
-200.0
-452.0
-209.0
-1487.0
-200.0
-200.0
-317.0
-200.0
-200.0
-200.0
-209.0
-200.0
-200.0
-209.0
-209.0
-200.0
-200.0
-200.0
-200.0
-200.0
-209.0
-200.0
-200.0
-200.0
-200.0
-200.0
-200.0
-200.0
-200.0
-209.0
-200.0
-200.0
-200.0
-200.0
-209.0
-200.0
-200.0
-209.0
-209.0
-209.0
-200.0
-200.0
-200.0
-1937.0
-209.0
-200.0
-209.0
-200.0
-209.0
-200.0
-200.0
-200.0
-209.0
-200.0
-200.0
-200.0
-200.0
-200.0
-200.0
-200.0
-200.0
-200.0
-425.0
-1001.0
-200.0
-200.0
-1289.0
-1244.0
-209.0
-200.0
-200.0
-209.0
-200.0
-200.0
-200.0
-1847.0
-200.0
-209.0
-200.0
-200.0
-209.0
-200.0
-218.0
-245.0
-200.0
-200.0
-200.0
-209.0
-200.0
-1316.0
-200.0
-200.0
-200.0
-200.0
-200.0
-200.0
-200.0
-200.0
-200.0
-200.0
-200.0
-209.0
-200.0
-209.0
-200.0
-2000.0
-200.0
-218.0
-200.0
-200.0
-200.0
-200.0
-200.0
-200.0
-1622.0
-200.0
-1334.0
-200.0
-200.0
-1766.0
-209.0
-200.0
-398.0
-821.0
-200.0
-200.0
-209.0
-1973.0
-200.0
-200.0
-200.0
-200.0
-200.0
-200.0
-200.0
-1298.0
-209.0
-200.0
-2000.0
-1469.0
-209.0
-1991.0
-200.0
-200.0
-200.0
-218.0
-209.0
-209.0
-200.0
-200.0
-200.0
-200.0
-1937.0
-200.0
-938.0
-200.0
-200.0
-209.0
-200.0
-200.0
-200.0
-209.0
-200.0
-200.0
-200.0
-200.0
-200.0
-209.0
-200.0
-200.0
-218.0
-200.0
-209.0
-200.0
-200.0
-209.0
-200.0
-209.0
-200.0
-911.0
-200.0
-200.0
-200.0
-200.0
-200.0
-200.0
-200.0
-200.0
-200.0
-200.0
-209.0
-200.0
-317.0
-290.0
-200.0
-200.0
-200.0
-200.0
-200.0
-200.0
-209.0
-200.0
-200.0
-200.0
-200.0
-200.0
-200.0
-200.0
-1055.0
-200.0
-218.0
-200.0
-200.0
-200.0
-200.0
-200.0
-200.0
-209.0
-200.0
-200.0
-200.0
-200.0
-200.0
-200.0
-200.0
-200.0
-200.0
-200.0
-200.0
-200.0
-1109.0
-200.0
-200.0
-209.0
-200.0
-776.0
-200.0
-1037.0
-200.0
-200.0
-1613.0
-200.0
-209.0
-1307.0
-200.0
-218.0
-200.0
-200.0
-200.0
-200.0
-1991.0
-1127.0
-200.0
-200.0
-200.0
-200.0
-200.0
-200.0
-200.0
-200.0
-200.0
-200.0
-200.0
-209.0
-200.0
-200.0
-200.0
-200.0
-200.0
-1991.0
-200.0
-200.0
-209.0
-200.0
-200.0
-209.0
-218.0
-200.0
-200.0
-200.0
-209.0
-209.0
-443.0
-200.0
-200.0
-200.0
-200.0
-209.0
-200.0
-200.0
-200.0
-200.0
-200.0
-200.0
-200.0
-200.0
-200.0
-209.0
-200.0
-200.0
-209.0
-200.0
-2000.0
-209.0
-326.0
-200.0
-200.0
-218.0
-200.0
-200.0
-209.0
-200.0
-200.0
-200.0
-200.0
-200.0
-200.0
-200.0
-200.0
-200.0
-200.0
-209.0
-200.0
-200.0
-209.0
-200.0
-1946.0
-200.0
-668.0
-1685.0
-200.0
-200.0
-200.0
-200.0
-1550.0
-200.0
-209.0
-200.0
-200.0
-200.0
-200.0
-209.0
-1037.0
-200.0
-2000.0
-200.0
-200.0
-200.0
-200.0
-200.0
-200.0
-200.0
-1955.0
-200.0
-200.0
-200.0
-200.0
-1865.0
-200.0
-209.0
-200.0
-200.0
-200.0
-200.0
-200.0
-1757.0
-200.0
-209.0
-1982.0
-200.0
-200.0
-1991.0
-200.0
-209.0
-1973.0
-200.0
-308.0
-209.0
-200.0
-200.0
-200.0
-2000.0
-2000.0
-209.0
-200.0
-200.0
-956.0
-200.0
-200.0
-1991.0
-200.0
-1181.0
-200.0
-200.0
-200.0
-200.0
-200.0
-200.0
-200.0
-200.0
-200.0
-2000.0
-1973.0
-209.0
-1973.0
-200.0
-1991.0
-1487.0
-1964.0
-200.0
-200.0
-200.0
-677.0
-1991.0
-200.0
-2000.0
-200.0
-200.0
-200.0
-209.0
-2000.0
-200.0
-200.0
-200.0
-2000.0
-200.0
-209.0
-1991.0
-200.0
-200.0
-200.0
-1973.0
-1991.0
-200.0
-2000.0
-200.0
-200.0
-200.0
-1982.0
-2000.0
-200.0
-200.0
-2000.0
-200.0
-2000.0
-200.0
-200.0
-2000.0
-200.0
-200.0
-1991.0
-209.0
-200.0
-200.0
-1991.0
-200.0
-1982.0
-209.0
-200.0
-2000.0
-2000.0
-1010.0
-200.0
-209.0
-200.0
-1964.0
-200.0
-200.0
-983.0
-200.0
-200.0
-1955.0
-200.0
-200.0
-2000.0
-200.0
-200.0
-812.0
-2000.0
-1964.0
-209.0
-1199.0
-200.0
-1334.0
-524.0
-200.0
-200.0
-200.0
-200.0
-1649.0
-200.0
-1613.0
-200.0
-272.0
-200.0
-1568.0
-2000.0
-200.0
-200.0
-1991.0
-200.0
-200.0
-1982.0
-1964.0
-209.0
-200.0
-209.0
-1442.0
-1991.0
-2000.0
-1991.0
-2000.0
-2000.0
-200.0
-200.0
-209.0
-200.0
-2000.0
-2000.0
-200.0
-200.0
-209.0
-2000.0
-200.0
-1856.0
-200.0
-200.0
-209.0
-200.0
-1982.0
-200.0
-209.0
-1973.0
-200.0
-200.0
-200.0
-200.0
-200.0
-200.0
-200.0
-218.0
-920.0
-1361.0
-200.0
-200.0
-200.0
-2000.0
-1433.0
-1991.0
-200.0
-200.0
-200.0
-200.0
-1874.0
-200.0
-200.0
-200.0
-200.0
-1991.0
-200.0
-200.0
-200.0
-200.0
-200.0
-2000.0
-200.0
-632.0
-1586.0
-200.0
-2000.0
-200.0
-1991.0
-200.0
-200.0
-1469.0
-200.0
-1973.0
-2000.0
-200.0
-200.0
-569.0
-2000.0
-1973.0
-2000.0
-1451.0
-200.0
-1190.0
-200.0
-209.0
-209.0
-1973.0
-1991.0
-200.0
-200.0
-200.0
-515.0
-1838.0
-308.0
-200.0
-200.0
-1991.0
-200.0
-1991.0
-200.0
-200.0
-2000.0
-200.0
-2000.0
-200.0
-200.0
-200.0
-1118.0
-2000.0
-200.0
-200.0
-200.0
-236.0
-200.0
-200.0
-200.0
-200.0
-200.0
-200.0
-200.0
-200.0
-2000.0
-200.0
-200.0
-209.0
-1487.0
-200.0
-209.0
-1991.0
-2000.0
-200.0
-1208.0
-200.0
-1991.0
-2000.0
-200.0
-200.0
-1118.0
-200.0
-209.0
-1973.0
-2000.0
-200.0
-200.0
-2000.0
-2000.0
-1973.0
-533.0
-1973.0
-1982.0
-200.0
-209.0
-200.0
-200.0
-200.0
-200.0
-200.0
-1460.0
-200.0
-1982.0
-2000.0
-200.0
-209.0
-200.0
-1982.0
-1433.0
-1991.0
-200.0
-200.0
-1982.0
-2000.0
-2000.0
-200.0
-443.0
-200.0
-794.0
-200.0
-200.0
-200.0
-1982.0
-200.0
-1244.0
-200.0
-200.0
-1982.0
-272.0
-200.0
-200.0
-1982.0
-200.0
-1982.0
-200.0
-2000.0
-209.0
-200.0
-1991.0
-200.0
-2000.0
-1964.0
-1991.0
-200.0
-200.0
-2000.0
-2000.0
-200.0
-857.0
-290.0
-1352.0
-200.0
-659.0
-1982.0
-200.0
-2000.0
-2000.0
-1982.0
-200.0
-200.0
-200.0
-1964.0
-200.0
-200.0
-1982.0
-200.0
-2000.0
-200.0
-1379.0
-209.0
-200.0
-1973.0
-2000.0
-200.0
-2000.0
-200.0
-2000.0
-200.0
-200.0
-200.0
-2000.0
-200.0
-200.0
-1568.0
-200.0
-1991.0
-911.0
-200.0
-200.0
-1982.0
-1982.0
-200.0
-1145.0
-200.0
-200.0
-200.0
-209.0
-200.0
-2000.0
-200.0
-200.0
-200.0
-200.0
-200.0
-200.0
-200.0
-2000.0
-200.0
-200.0
-1991.0
-200.0
-200.0
-200.0
-200.0
-524.0
-1955.0
-902.0
-200.0
-200.0
-2000.0
-200.0
-2000.0
-677.0
-1352.0
-200.0
-956.0
-200.0
-200.0
-1982.0
-200.0
-200.0
-2000.0
-1991.0
-200.0
-200.0
-200.0
-875.0
-2000.0
-200.0
-200.0
-200.0
-1982.0
-200.0
-200.0
-1685.0
-200.0
-1991.0
-200.0
-200.0
-920.0
-200.0
-551.0
-2000.0
-1604.0
-1964.0
-200.0
-776.0
-200.0
-272.0
-2000.0
-200.0
-200.0
-2000.0
-1991.0
-200.0
-1964.0
-704.0
-200.0
-200.0
-200.0
-1991.0
-200.0
-200.0
-200.0
-200.0
-200.0
-200.0
-1667.0
-776.0
-1109.0
-200.0
-2000.0
-1991.0
-2000.0
-200.0
-200.0
-200.0
-200.0
-2000.0
-2000.0
-200.0
-200.0
-200.0
-1991.0
-200.0
-1991.0
-200.0
-200.0
-200.0
-1658.0
-1973.0
-200.0
-2000.0
-200.0
-1991.0
-497.0
-200.0
-209.0
-200.0
-1064.0
-1991.0
-1973.0
-2000.0
-200.0
-200.0
-200.0
-200.0
-200.0
-200.0
-1991.0
-200.0
-1982.0
-749.0
-200.0
-2000.0
-911.0
-200.0
-200.0
-200.0
-200.0
-506.0
-542.0
-200.0
-209.0
-200.0
-1244.0
-2000.0
-200.0
-200.0
-200.0
-1865.0
-470.0
-200.0
-200.0
-1991.0
-200.0
-200.0
-200.0
-200.0
-200.0
-254.0
-200.0
-1748.0
-200.0
-200.0
-1973.0
-839.0
-2000.0
-2000.0
-200.0
-1973.0
-200.0
-200.0
-2000.0
-254.0
-200.0
-209.0
-200.0
-200.0
-200.0
-1991.0
-1991.0
-200.0
-2000.0
-1982.0
-1550.0
-515.0
-200.0
-1964.0
-2000.0
-1991.0
-2000.0
-200.0
-821.0
-2000.0
-200.0
-200.0
-200.0
-200.0
-200.0
-200.0
-200.0
-200.0
-200.0
-200.0
-200.0
-200.0
-200.0
-200.0
-200.0
-200.0
-200.0
-200.0
-200.0
-200.0
-200.0
-200.0
-200.0
-200.0
-200.0
-200.0
-1973.0
-200.0
-1982.0
-1991.0
-200.0
-200.0
-200.0
-200.0
-1991.0
-578.0
-200.0
-200.0
-200.0
-200.0
-200.0
-2000.0
-200.0
-200.0
-200.0
-200.0
-200.0
-200.0
-1991.0
-200.0
-1982.0
-1991.0
-1712.0
-200.0
-2000.0
-200.0
-1982.0
-1982.0
-1991.0
-2000.0
-2000.0
-200.0
-209.0
-200.0
-200.0
-200.0
-200.0
-839.0
-587.0
-236.0
-200.0
-200.0
-209.0
-200.0
-1982.0
-200.0
-200.0
-479.0
-2000.0
-200.0
-200.0
-200.0
-200.0
-1991.0
-200.0
-1784.0
-200.0
-200.0
-200.0
-317.0
-200.0
-1982.0
-2000.0
-263.0
-209.0
-1964.0
-803.0
-497.0
-200.0
-200.0
-200.0
-200.0
-1991.0
-200.0
-1982.0
-200.0
-200.0
-200.0
-200.0
-200.0
-200.0
-200.0
-200.0
-200.0
-1973.0
-2000.0
-2000.0
-200.0
-200.0
-200.0
-200.0
-200.0
-1820.0
-1901.0
-641.0
-2000.0
-200.0
-200.0
-308.0
-1667.0
-1982.0
-200.0
-1982.0
-200.0
-1982.0
-200.0
-2000.0
-200.0
-1991.0
-389.0
-1991.0
-2000.0
-200.0
-209.0
-200.0
-1991.0
-2000.0
-1073.0
-1982.0
-200.0
-443.0
-200.0
-200.0
-200.0
-200.0
-506.0
-200.0
-515.0
-200.0
-1991.0
-200.0
-200.0
-200.0
-200.0
-200.0
-200.0
-200.0
-200.0
-1892.0
-290.0
-200.0
-803.0
-2000.0
-200.0
-1604.0
-200.0
-524.0
-200.0
-200.0
-1991.0
-1964.0
-200.0
-1991.0
-200.0
-200.0
-1982.0
-200.0
-200.0
-1991.0
-200.0
-1982.0
-200.0
-1856.0
-200.0
-200.0
-200.0
-200.0
-2000.0
-200.0
-1748.0
-200.0
-200.0
-200.0
-1973.0
-2000.0
-200.0
-2000.0
-2000.0
-1478.0
-200.0
-1082.0
-2000.0
-2000.0
-200.0
-983.0
-2000.0
-200.0
-1037.0
-2000.0
-2000.0
-200.0
-200.0
-200.0
-2000.0
-200.0
-200.0
-200.0
-1802.0
-200.0
-200.0
-200.0
-200.0
-200.0
-2000.0
-200.0
-1811.0
-200.0
-2000.0
-200.0
-200.0
-1973.0
-2000.0
-353.0
-272.0
-200.0
-200.0
-1496.0
-200.0
-200.0
-200.0
-1982.0
-200.0
-704.0
-200.0
-2000.0
-200.0
-200.0
-1982.0
-200.0
-1991.0
-803.0
-200.0
-200.0
-200.0
-1442.0
-1316.0
-209.0
-1109.0
-200.0
-200.0
-227.0
-200.0
-200.0
-200.0
-200.0
-200.0
-1991.0
-200.0
-200.0
-200.0
-200.0
-200.0
-1127.0
-200.0
-2000.0
-200.0
-2000.0
-1991.0
-200.0
-200.0
-1190.0
-200.0
-1991.0
-1991.0
-200.0
-200.0
-1982.0
-200.0
-1559.0
-200.0
-200.0
-317.0
-200.0
-200.0
-200.0
-200.0
-200.0
-200.0
-2000.0
-1964.0
-200.0
-1982.0
-200.0
-200.0
-200.0
-200.0
-200.0
-1973.0
-200.0
-200.0
-200.0
-200.0
-200.0
-200.0
-1937.0
-1991.0
-2000.0
-1082.0
-200.0
-2000.0
-200.0
-1982.0
-1982.0
-200.0
-200.0
-290.0
-200.0
-200.0
-200.0
-200.0
-200.0
-200.0
-758.0
-200.0
-200.0
-200.0
-569.0
-200.0
-200.0
-200.0
-1514.0
-200.0
-2000.0
-1991.0
-200.0
-200.0
-1973.0
-200.0
-200.0
-200.0
-200.0
-1982.0
-2000.0
-2000.0
-200.0
-2000.0
-1757.0
-200.0
-200.0
-200.0
-200.0
-389.0
-200.0
-200.0
-200.0
-1973.0
-200.0
-1451.0
-200.0
-2000.0
-533.0
-200.0
-200.0
-2000.0
-200.0
-1109.0
-200.0
-1595.0
-1982.0
-1703.0
-200.0
-200.0
-200.0
-2000.0
-200.0
-2000.0
-200.0
-200.0
-2000.0
-803.0
-200.0
-542.0
-200.0
-1991.0
-1127.0
-416.0
-200.0
-1991.0
-371.0
-1982.0
-200.0
-2000.0
-200.0
-200.0
-1991.0
-1073.0
-200.0
-200.0
-200.0
-200.0
-1955.0
-1586.0
-2000.0
-1307.0
-200.0
-200.0
-1982.0
-1982.0
-1127.0
-200.0
-2000.0
-2000.0
-200.0
-596.0
-209.0
-200.0
-1991.0
-614.0
-200.0
-569.0
-200.0
-200.0
-200.0
-2000.0
-1829.0
-434.0
-1487.0
-1973.0
-326.0
-1991.0
-200.0
-200.0
-839.0
-200.0
-2000.0
-200.0
-200.0
-200.0
-1982.0
-2000.0
-1919.0
-902.0
-2000.0
-200.0
-200.0
-200.0
-1118.0
-200.0
-2000.0
-200.0
-1901.0
-200.0
-200.0
-200.0
-200.0
-200.0
-200.0
-200.0
-1982.0
-1307.0
-200.0
-200.0
-200.0
-200.0
-200.0
-1694.0
-1550.0
-200.0
-1046.0
-200.0
-200.0
-200.0
-200.0
-200.0
-200.0
-2000.0
-200.0
-200.0
-200.0
-2000.0
-2000.0
-200.0
-200.0
-200.0
-200.0
-200.0
-2000.0
-1991.0
-1991.0
-641.0
-200.0
-596.0
-200.0
-272.0
-200.0
-1991.0
-200.0
-1982.0
-200.0
-200.0
-200.0
-200.0
-200.0
-200.0
-200.0
-200.0
-2000.0
-200.0
-200.0
-200.0
-209.0
-200.0
-200.0
-1991.0
-200.0
-2000.0
-200.0
-200.0
-2000.0
-200.0
-200.0
-2000.0
-578.0
-200.0
-2000.0
-200.0
-1991.0
-200.0
-200.0
-272.0
-1991.0
-200.0
-1001.0
-200.0
-2000.0
-2000.0
-200.0
-200.0
-497.0
-200.0
-1280.0
-200.0
-2000.0
-200.0
-1991.0
-200.0
-200.0
-200.0
-443.0
-200.0
-1946.0
-200.0
-200.0
-200.0
-1991.0
-200.0
-1991.0
-434.0
-2000.0
-1946.0
-200.0
-200.0
-200.0
-389.0
-1721.0
-200.0
-200.0
-200.0
-911.0
-2000.0
-2000.0
-1991.0
-200.0
-1154.0
-200.0
-200.0
-200.0
-200.0
-1991.0
-200.0
-416.0
-200.0
-200.0
-200.0
-2000.0
-1370.0
-200.0
-2000.0
-200.0
-2000.0
-1523.0
-200.0
-2000.0
-668.0
-1982.0
-200.0
-200.0
-1091.0
-200.0
-2000.0
-200.0
-200.0
-2000.0
-200.0
-200.0
-200.0
-1883.0
-1973.0
-200.0
-200.0
-200.0
-200.0
-1982.0
-200.0
-2000.0
-200.0
-200.0
-2000.0
-236.0
-200.0
-200.0
-200.0
-200.0
-200.0
-1991.0
-200.0
-1874.0
-200.0
-578.0
-1991.0
-1424.0
-200.0
-2000.0
-200.0
-1802.0
-200.0
-200.0
-605.0
-200.0
-200.0
-200.0
-1118.0
-200.0
-200.0
-2000.0
-200.0
-776.0
-200.0
-1973.0
-1415.0
-209.0
-200.0
-2000.0
-200.0
-200.0
-1982.0
-200.0
-200.0
-1118.0
-200.0
-200.0
-1532.0
-2000.0
-200.0
-281.0
-200.0
-200.0
-200.0
-2000.0
-2000.0
-1640.0
-200.0
-2000.0
-1973.0
-2000.0
-1892.0
-200.0
-200.0
-200.0
-2000.0
-200.0
-200.0
-200.0
-200.0
-200.0
-1982.0
-200.0
-200.0
-200.0
-200.0
-1982.0
-200.0
-200.0
-200.0
-2000.0
-911.0
-200.0
-200.0
-200.0
-1505.0
-200.0
-200.0
-200.0
-200.0
-2000.0
-200.0
-200.0
-1991.0
-1982.0
-200.0
-200.0
-2000.0
-1433.0
-1928.0
-200.0
-623.0
-2000.0
-200.0
-200.0
-1991.0
-200.0
-200.0
-200.0
-2000.0
-2000.0
-200.0
-1955.0
-200.0
-2000.0
-200.0
-434.0
-200.0
-200.0
-200.0
-1658.0
-461.0
-200.0
-200.0
-200.0
-938.0
-200.0
-1991.0
-1991.0
-1604.0
-200.0
-200.0
-2000.0
-200.0
-200.0
-200.0
-2000.0
-272.0
-200.0
-2000.0
-2000.0
-1406.0
-758.0
-200.0
-200.0
-443.0
-1991.0
-1091.0
-2000.0
-2000.0
-200.0
-2000.0
-200.0
-1991.0
-2000.0
-2000.0
-200.0
-2000.0
-200.0
-371.0
-200.0
-200.0
-2000.0
-200.0
-2000.0
-200.0
-1865.0
-200.0
-2000.0
-200.0
-200.0
-1181.0
-200.0
-1973.0
-2000.0
-200.0
-1964.0
-200.0
-2000.0
-1217.0
-200.0
-200.0
-2000.0
-1964.0
-2000.0
-200.0
-200.0
-1928.0
-1721.0
-1847.0
-200.0
-200.0
-200.0
-1982.0
-200.0
-200.0
-200.0
-1991.0
-1991.0
-200.0
-1982.0
-2000.0
-200.0
-1145.0
-1865.0
-200.0
-200.0
-1658.0
-1991.0
-1991.0
-2000.0
-1991.0
-200.0
-1991.0
-200.0
-1982.0
-1001.0
-2000.0
-1973.0
-1991.0
-1739.0
-200.0
-200.0
-200.0
-200.0
-200.0
-1964.0
-200.0
-200.0
-200.0
-1991.0
-1991.0
-200.0
-200.0
-200.0
-200.0
-2000.0
-200.0
-1451.0
-2000.0
-1991.0
-2000.0
-200.0
-2000.0
-200.0
-2000.0
-200.0
-200.0
-200.0
-1991.0
-1460.0
-1820.0
-1451.0
-200.0
-200.0
-731.0
-200.0
-1640.0
-200.0
-1316.0
-200.0
-200.0
-200.0
-200.0
-200.0
-200.0
-200.0
-200.0
-2000.0
-200.0
-1991.0
-200.0
-200.0
-200.0
-1982.0
-200.0
-200.0
-200.0
-434.0
-1982.0
-200.0
-200.0
-245.0
-200.0
-200.0
-200.0
-2000.0
-200.0
-353.0
-200.0
-1991.0
-200.0
-461.0
-200.0
-200.0
-200.0
-200.0
-1982.0
-200.0
-200.0
-200.0
-1343.0
-200.0
-812.0
-686.0
-1991.0
-200.0
-281.0
-2000.0
-200.0
-200.0
-506.0
-200.0
-1748.0
-200.0
-200.0
-200.0
-200.0
-263.0
-488.0
-200.0
-200.0
-200.0
-200.0
-1991.0
-434.0
-200.0
-1982.0
-200.0
-2000.0
-200.0
-1973.0
-2000.0
-200.0
-1127.0
-200.0
-200.0
-200.0
-200.0
-200.0
-785.0
-254.0
-1667.0
-200.0
-1991.0
-2000.0
-1991.0
-200.0
-200.0
-1307.0
-200.0
-200.0
-200.0
-200.0
-200.0
-200.0
-200.0
-200.0
-200.0
-200.0
-2000.0
-200.0
-200.0
-200.0
-632.0
-200.0
-200.0
-200.0
-1973.0
-200.0
-1991.0
-200.0
-200.0
-2000.0
-200.0
-1262.0
-1991.0
-200.0
-200.0
-254.0
-200.0
-200.0
-2000.0
-1991.0
-200.0
-1352.0
-200.0
-1667.0
-200.0
-200.0
-200.0
-200.0
-1811.0
-200.0
-200.0
-1991.0
-200.0
-200.0
-200.0
-200.0
-200.0
-704.0
-200.0
-200.0
-2000.0
-200.0
-1010.0
-200.0
-200.0
-200.0
-1991.0
-200.0
-200.0
-1352.0
-290.0
-200.0
-1982.0
-1352.0
-200.0
-776.0
-1037.0
-911.0
-200.0
-1973.0
-1145.0
-1847.0
-200.0
-200.0
-200.0
-1991.0
-200.0
-200.0
-200.0
-380.0
-2000.0
-2000.0
-200.0
-200.0
-227.0
-2000.0
-200.0
-200.0
-200.0
-200.0
-200.0
-200.0
-200.0
-200.0
-200.0
-200.0
-200.0
-200.0
-200.0
-1253.0
-200.0
-200.0
-1163.0
-200.0
-200.0
-200.0
-200.0
-200.0
-200.0
-200.0
-200.0
-200.0
-2000.0
-200.0
-200.0
-200.0
-200.0
-200.0
-200.0
-2000.0
-200.0
-1703.0
-839.0
-1289.0
-1991.0
-200.0
-200.0
-875.0
-200.0
-200.0
-200.0
-200.0
-200.0
-200.0
-200.0
-200.0
-200.0
-200.0
-200.0
-209.0
-200.0
-425.0
-200.0
-200.0
-200.0
-200.0
-200.0
-200.0
-200.0
-2000.0
-2000.0
-200.0
-200.0
-857.0
-245.0
-200.0
-200.0
-200.0
-200.0
-497.0
-200.0
-200.0
-821.0
-200.0
-200.0
-200.0
-200.0
-200.0
-209.0
-2000.0
-200.0
-200.0
-1154.0
-200.0
-200.0
-200.0
-263.0
-2000.0
-578.0
-200.0
-200.0
-200.0
-200.0
-200.0
-200.0
-200.0
-200.0
-200.0
-1973.0
-200.0
-200.0
-1973.0
-200.0
-200.0
-200.0
-389.0
-200.0
-200.0
-200.0
-200.0
-1577.0
-2000.0
-1991.0
-200.0
-200.0
-1316.0
-1478.0
-2000.0
-200.0
-1991.0
-200.0
-200.0
-200.0
-2000.0
-200.0
-200.0
-200.0
-1991.0
-200.0
-200.0
-2000.0
-1721.0
-200.0
-2000.0
-200.0
-200.0
-200.0
-371.0
-1964.0
-200.0
-200.0
-200.0
-1334.0
-200.0
-200.0
-650.0
-200.0
-506.0
-200.0
-200.0
-200.0
-200.0
-200.0
-200.0
-1991.0
-1577.0
-200.0
-200.0
-200.0
-488.0
-200.0
-200.0
-200.0
-200.0
-830.0
-200.0
-200.0
-200.0
-200.0
-1982.0
-1028.0
-200.0
-1991.0
-200.0
-200.0
-2000.0
-200.0
-200.0
-200.0
-2000.0
-1190.0
-200.0
-200.0
-200.0
-1982.0
-884.0
-200.0
-200.0
-200.0
-200.0
-1991.0
-200.0
-542.0
-200.0
-200.0
-1991.0
-200.0
-200.0
-200.0
-200.0
-1973.0
-200.0
-1955.0
-200.0
-200.0
-200.0
-209.0
-1982.0
-200.0
-1091.0
-200.0
-200.0
-200.0
-200.0
-1991.0
-479.0
-200.0
-200.0
-749.0
-200.0
-236.0
-200.0
-200.0
-200.0
-200.0
-200.0
-1775.0
-2000.0
-200.0
-2000.0
-200.0
-200.0
-200.0
-1991.0
-758.0
-1712.0
-200.0
-200.0
-1244.0
-200.0
-200.0
-1955.0
-2000.0
-1874.0
-1091.0
-200.0
-200.0
-794.0
-200.0
-200.0
-200.0
-2000.0
-200.0
-200.0
-200.0
-200.0
-659.0
-200.0
-200.0
-200.0
-2000.0
-200.0
-1991.0
-1991.0
-1982.0
-200.0
-2000.0
-200.0
-200.0
-1991.0
-1991.0
-317.0
-1991.0
-1973.0
-1964.0
-1973.0
-1991.0
-1991.0
-1991.0
-1991.0
-1964.0
-1982.0
-1973.0
-1865.0
-200.0
-1982.0
-1991.0
-200.0
-2000.0
-2000.0
-254.0
-200.0
-1991.0
-200.0
-200.0
-2000.0
-200.0
-1973.0
-1550.0
-200.0
-200.0
-200.0
-200.0
-2000.0
-2000.0
-200.0
-1991.0
-2000.0
-209.0
-2000.0
-200.0
-2000.0
-2000.0
-2000.0
-200.0
-200.0
-200.0
-200.0
-200.0
-1892.0
-200.0
-1973.0
-200.0
-200.0
-1721.0
-200.0
-2000.0
-263.0
-200.0
-2000.0
-2000.0
-200.0
-2000.0
-2000.0
-1991.0
-1991.0
-2000.0
-2000.0
-200.0
-200.0
-1991.0
-200.0
-200.0
-200.0
-200.0
-1991.0
-2000.0
-2000.0
-200.0
-1838.0
-200.0
-2000.0
-2000.0
-2000.0
-200.0
-200.0
-200.0
-2000.0
-2000.0
-200.0
-1847.0
-200.0
-1991.0
-2000.0
-200.0
-380.0
-1982.0
-200.0
-1991.0
-2000.0
-200.0
-1190.0
-1991.0
-200.0
-2000.0
-2000.0
-821.0
-236.0
-200.0
-200.0
-200.0
-200.0
-299.0
-200.0
-200.0
-200.0
-200.0
-2000.0
-200.0
-2000.0
-200.0
-1991.0
-2000.0
-1982.0
-200.0
-1991.0
-200.0
-200.0
-200.0
-2000.0
-200.0
-200.0
-200.0
-200.0
-2000.0
-200.0
-1352.0
-200.0
-200.0
-200.0
-2000.0
-200.0
-200.0
-200.0
-1973.0
-2000.0
-200.0
-506.0
-200.0
-200.0
-200.0
-200.0
-200.0
-236.0
-1514.0
-200.0
-1046.0
-200.0
-200.0
-200.0
-200.0
-200.0
-2000.0
-1991.0
-200.0
-200.0
-200.0
-200.0
-200.0
-452.0
-200.0
-200.0
-1991.0
-200.0
-1991.0
-200.0
-200.0
-200.0
-1982.0
-200.0
-200.0
-200.0
-200.0
-200.0
-200.0
-200.0
-1955.0
-200.0
-1973.0
-2000.0
-200.0
-200.0
-200.0
-1361.0
-200.0
-200.0
-200.0
-200.0
-200.0
-1955.0
-200.0
-668.0
-200.0
-200.0
-200.0
-200.0
-200.0
-1991.0
-200.0
-200.0
-200.0
-200.0
-353.0
-200.0
-200.0
-569.0
-200.0
-200.0
-200.0
-2000.0
-200.0
-200.0
-200.0
-200.0
-200.0
-200.0
-1964.0
-2000.0
-1991.0
-200.0
-200.0
-200.0
-2000.0
-2000.0
-1055.0
-632.0
-200.0
-200.0
-1010.0
-461.0
-1982.0
-794.0
-200.0
-2000.0
-200.0
-2000.0
-2000.0
-200.0
-200.0
-2000.0
-641.0
-200.0
-1289.0
-2000.0
-200.0
-200.0
-1991.0
-380.0
-1433.0
-200.0
-200.0
-1415.0
-200.0
-200.0
-200.0
-2000.0
-1991.0
-200.0
-200.0
-560.0
-1991.0
-1991.0
-200.0
-425.0
-200.0
-200.0
-200.0
-200.0
-2000.0
-2000.0
-200.0
-1964.0
-1973.0
-2000.0
-200.0
-200.0
-2000.0
-1991.0
-434.0
-200.0
-587.0
-2000.0
-2000.0
-2000.0
-200.0
-200.0
-200.0
-1892.0
-1973.0
-209.0
-1973.0
-1982.0
-200.0
-1991.0
-2000.0
-1631.0
-200.0
-1604.0
-1973.0
-524.0
-2000.0
-1982.0
-1757.0
-200.0
-200.0
-200.0
-515.0
-200.0
-2000.0
-1955.0
-1991.0
-1964.0
-200.0
-767.0
-200.0
-200.0
-839.0
-200.0
-200.0
-1856.0
-1829.0
-200.0
-200.0
-218.0
-965.0
-1127.0
-1127.0
-515.0
-200.0
-200.0
-200.0
-434.0
-2000.0
-389.0
-200.0
-200.0
-200.0
-2000.0
-2000.0
-200.0
-200.0
-200.0
-1298.0
-470.0
-200.0
-200.0
-1046.0
-200.0
-1937.0
-200.0
-1982.0
-2000.0
-1325.0
-200.0
-1982.0
-200.0
-200.0
-200.0
-200.0
-200.0
-200.0
-200.0
-200.0
-1973.0
-1991.0
-2000.0
-200.0
-200.0
-1676.0
-200.0
-200.0
-1469.0
-1991.0
-1991.0
-614.0
-200.0
-1973.0
-200.0
-2000.0
-2000.0
-200.0
-1604.0
-2000.0
-2000.0
-200.0
-200.0
-1595.0
-200.0
-1991.0
-200.0
-200.0
-551.0
-200.0
-2000.0
-200.0
-1982.0
-200.0
-200.0
-200.0
-947.0
-200.0
-200.0
-200.0
-200.0
-2000.0
-200.0
-1991.0
-443.0
-1523.0
-200.0
-1784.0
-2000.0
-1604.0
-1595.0
-1982.0
-200.0
-2000.0
-1991.0
-200.0
-200.0
-200.0
-200.0
-200.0
-1154.0
-1055.0
-200.0
-200.0
-200.0
-2000.0
-200.0
-632.0
-200.0
-2000.0
-200.0
-200.0
-200.0
-1055.0
-2000.0
-200.0
-2000.0
-2000.0
-1784.0
-200.0
-1271.0
-200.0
-200.0
-200.0
-398.0
-200.0
-1631.0
-830.0
-2000.0
-2000.0
-200.0
-1991.0
-1982.0
-1154.0
-200.0
-200.0
-200.0
-1109.0
-200.0
-200.0
-938.0
-200.0
-200.0
-794.0
-200.0
-200.0
-1676.0
-1352.0
-200.0
-200.0
-200.0
-2000.0
-200.0
-200.0
-1865.0
-2000.0
-200.0
-1973.0
-200.0
-200.0
-2000.0
-1982.0
-884.0
-200.0
-731.0
-200.0
-200.0
-2000.0
-209.0
-200.0
-1991.0
-1991.0
-2000.0
-200.0
-200.0
-1145.0
-2000.0
-200.0
-200.0
-2000.0
-200.0
-200.0
-1172.0
-920.0
-200.0
-200.0
-1991.0
-560.0
-200.0
-2000.0
-1118.0
-200.0
-200.0
-200.0
-200.0
-200.0
-200.0
-848.0
-218.0
-200.0
-200.0
-1208.0
-1604.0
-1991.0
-1361.0
-1991.0
-938.0
-2000.0
-200.0
-200.0
-200.0
-200.0
-1388.0
-200.0
-200.0
-200.0
-929.0
-200.0
-2000.0
-2000.0
-1424.0
-200.0
-1964.0
-200.0
-200.0
-1991.0
-200.0
-200.0
-200.0
-200.0
-1973.0
-200.0
-200.0
-200.0
-200.0
-200.0
-200.0
-200.0
-2000.0
-200.0
-335.0
-200.0
-200.0
-200.0
-200.0
-200.0
-200.0
-200.0
-452.0
-2000.0
-1793.0
-200.0
-1991.0
-2000.0
-200.0
-200.0
-200.0
-200.0
-1991.0
-200.0
-200.0
-200.0
-344.0
-200.0
-200.0
-200.0
-1991.0
-200.0
-1919.0
-200.0
-200.0
-641.0
-200.0
-200.0
-200.0
-200.0
-200.0
-200.0
-200.0
-200.0
-200.0
-200.0
-1991.0
-2000.0
-200.0
-200.0
-200.0
-200.0
-200.0
-200.0
-200.0
-200.0
-236.0
-200.0
-2000.0
-200.0
-200.0
-200.0
-1991.0
-200.0
-200.0
-200.0
-200.0
-200.0
-2000.0
-1046.0
-200.0
-200.0
-884.0
-200.0
-200.0
-1514.0
-200.0
-200.0
-200.0
-200.0
-2000.0
-200.0
-200.0
-974.0
-200.0
-2000.0
-830.0
-200.0
-1964.0
-200.0
-1118.0
-515.0
-200.0
-677.0
-200.0
-200.0
-1055.0
-200.0
-200.0
-200.0
-200.0
-2000.0
-200.0
-200.0
-200.0
-200.0
-1955.0
-1991.0
-200.0
-200.0
-200.0
-200.0
-200.0
-200.0
-200.0
-200.0
-200.0
-605.0
-200.0
-200.0
-2000.0
-200.0
-722.0
-200.0
-677.0
-200.0
-200.0
-200.0
-2000.0
-200.0
-200.0
-1280.0
-200.0
-1982.0
-200.0
-200.0
-2000.0
-2000.0
-200.0
-1982.0
-1712.0
-200.0
-1991.0
-200.0
-200.0
-1964.0
-200.0
-200.0
-200.0
-605.0
-200.0
-200.0
-299.0
-542.0
-1982.0
-200.0
-200.0
-2000.0
-1991.0
-200.0
-200.0
-767.0
-2000.0
-1235.0
-200.0
-1919.0
-1271.0
-200.0
-200.0
-200.0
-200.0
-200.0
-200.0
-1991.0
-200.0
-1613.0
-1082.0
-425.0
-209.0
-200.0
-1973.0
-200.0
-200.0
-497.0
-200.0
-389.0
-317.0
-200.0
-218.0
-281.0
-1802.0
-2000.0
-200.0
-200.0
-2000.0
-200.0
-344.0
-200.0
-452.0
-1901.0
-290.0
-200.0
-200.0
-200.0
-1667.0
-713.0
-200.0
-200.0
-200.0
-200.0
-2000.0
-596.0
-200.0
-200.0
-200.0
-200.0
-209.0
-200.0
-2000.0
-200.0
-200.0
-200.0
-200.0
-200.0
-1982.0
-200.0
-974.0
-1982.0
-1190.0
-200.0
-200.0
-650.0
-200.0
-200.0
-1514.0
-200.0
-209.0
-200.0
-200.0
-200.0
-200.0
-200.0
-1991.0
-200.0
-2000.0
-200.0
-200.0
-200.0
-1991.0
-1937.0
-200.0
-200.0
-1991.0
-1991.0
-1982.0
-1964.0
-1973.0
-200.0
-200.0
-200.0
-200.0
-200.0
-200.0
-245.0
-479.0
-236.0
-200.0
-200.0
-1640.0
-1991.0
-245.0
-200.0
-713.0
-200.0
-1991.0
-200.0
-209.0
-398.0
-1316.0
-1991.0
-380.0
-200.0
-200.0
-1496.0
-200.0
-200.0
-200.0
-200.0
-200.0
-1127.0
-1316.0
-497.0
-200.0
-200.0
-1028.0
-200.0
-200.0
-308.0
-200.0
-200.0
-200.0
-200.0
-1991.0
-1910.0
-200.0
-200.0
-200.0
-200.0
-2000.0
-335.0
-200.0
-200.0
-200.0
-200.0
-200.0
-200.0
-542.0
-2000.0
-200.0
-200.0
-2000.0
-200.0
-200.0
-200.0
-200.0
-1271.0
-200.0
-200.0
-1469.0
-1262.0
-200.0
-290.0
-200.0
-200.0
-200.0
-200.0
-200.0
-2000.0
-2000.0
-200.0
-200.0
-1973.0
-200.0
-1595.0
-200.0
-1982.0
-200.0
-2000.0
-254.0
-200.0
-200.0
-254.0
-200.0
-200.0
-605.0
-200.0
-200.0
-200.0
-200.0
-200.0
-200.0
-956.0
-2000.0
-200.0
-200.0
-200.0
-200.0
-200.0
-1478.0
-200.0
-200.0
-200.0
-200.0
-200.0
-200.0
-200.0
-200.0
-200.0
-200.0
-200.0
-200.0
-542.0
-200.0
-227.0
-209.0
-200.0
-200.0
-200.0
-200.0
-200.0
-200.0
-200.0
-200.0
-1658.0
-2000.0
-200.0
-2000.0
-200.0
-1991.0
-200.0
-200.0
-2000.0
-200.0
-200.0
-200.0
-200.0
-1982.0
-200.0
-200.0
-200.0
-200.0
-200.0
-200.0
-2000.0
-200.0
-200.0
-200.0
-200.0
-245.0
-200.0
-200.0
-200.0
-1910.0
-200.0
-1325.0
-200.0
-200.0
-731.0
-200.0
-1307.0
-767.0
-1973.0
-200.0
-1982.0
-947.0
-2000.0
-200.0
-200.0
-200.0
-200.0
-344.0
-200.0
-200.0
-200.0
-200.0
-200.0
-200.0
-200.0
-200.0
-965.0
-200.0
-776.0
-1811.0
-200.0
-200.0
-1154.0
-200.0
-200.0
-209.0
-200.0
-848.0
-200.0
-200.0
-200.0
-200.0
-335.0
-200.0
-200.0
-200.0
-200.0
-2000.0
-362.0
-1991.0
-200.0
-1829.0
-200.0
-200.0
-344.0
-200.0
-200.0
-1595.0
-200.0
-200.0
-200.0
-200.0
-200.0
-200.0
-200.0
-200.0
-200.0
-200.0
-200.0
-200.0
-200.0
-200.0
-200.0
-200.0
-200.0
-200.0
-200.0
-200.0
-200.0
-200.0
-866.0
-200.0
-200.0
-956.0
-200.0
-200.0
-857.0
-200.0
-200.0
-1091.0
-200.0
-200.0
-353.0
-200.0
-200.0
-200.0
-200.0
-200.0
-200.0
-1604.0
-200.0
-200.0
-200.0
-200.0
-200.0
-1442.0
-200.0
-200.0
-200.0
-200.0
-200.0
-200.0
-200.0
-200.0
-200.0
-200.0
-2000.0
-200.0
-317.0
-200.0
-200.0
-200.0
-1262.0
-200.0
-200.0
-1559.0
-200.0
-1649.0
-1991.0
-200.0
-2000.0
-200.0
-200.0
-200.0
-200.0
-200.0
-200.0
-227.0
-200.0
-200.0
-2000.0
-200.0
-200.0
-200.0
-200.0
-2000.0
-200.0
-200.0
-1730.0
-200.0
-200.0
-200.0
-200.0
-200.0
-200.0
-200.0
-200.0
-200.0
-200.0
-200.0
-200.0
-794.0
-200.0
-200.0
-200.0
-254.0
-254.0
-200.0
-200.0
-2000.0
-200.0
-1991.0
-200.0
-200.0
-200.0
-200.0
-200.0
-200.0
-200.0
-1991.0
-200.0
-1046.0
-200.0
-200.0
-200.0
-200.0
-200.0
-200.0
-200.0
-200.0
-281.0
-2000.0
-200.0
-2000.0
-200.0
-200.0
-200.0
-200.0
-200.0
-200.0
-200.0
-200.0
-2000.0
-1991.0
-200.0
-200.0
-200.0
-200.0
-200.0
-200.0
-200.0
-839.0
-200.0
-200.0
-200.0
-200.0
-974.0
-200.0
-1784.0
-200.0
-200.0
-2000.0
-1397.0
-200.0
-200.0
-713.0
-200.0
-200.0
-713.0
-200.0
-200.0
-326.0
-200.0
-200.0
-200.0
-200.0
-200.0
-200.0
-200.0
-632.0
-200.0
-200.0
-200.0
-200.0
-200.0
-200.0
-200.0
-200.0
-200.0
-200.0
-200.0
-200.0
-200.0
-200.0
-2000.0
-200.0
-200.0
-272.0
-200.0
-2000.0
-200.0
-200.0
-200.0
-209.0
-200.0
-200.0
-200.0
-200.0
-200.0
-200.0
-200.0
-200.0
-200.0
-200.0
-200.0
-200.0
-200.0
-200.0
-200.0
-200.0
-200.0
-200.0
-200.0
-200.0
-200.0
-1991.0
-200.0
-200.0
-200.0
-200.0
-200.0
-200.0
-200.0
-245.0
-200.0
-200.0
-200.0
-200.0
-200.0
-200.0
-200.0
-200.0
-200.0
-200.0
-200.0
-1991.0
-2000.0
-200.0
-200.0
-200.0
-200.0
-200.0
-200.0
-200.0
-200.0
-2000.0
-200.0
-200.0
-200.0
-200.0
-200.0
-200.0
-200.0
-200.0
-200.0
-2000.0
-200.0
-200.0
-200.0
-200.0
-200.0
-200.0
-200.0
-200.0
-200.0
-200.0
-200.0
-200.0
-200.0
-200.0
-200.0
-200.0
-200.0
-200.0
-200.0
-1802.0
-200.0
-200.0
-200.0
-200.0
-200.0
-200.0
-1910.0
-200.0
-200.0
-200.0
-200.0
-200.0
-200.0
-200.0
-200.0
-200.0
-200.0
-200.0
-200.0
-200.0
-200.0
-200.0
-200.0
-200.0
-200.0
-200.0
-200.0
-1640.0
-614.0
-200.0
-200.0
-200.0
-200.0
-200.0
-200.0
-200.0
-200.0
-2000.0
-200.0
-200.0
-200.0
-200.0
-200.0
-200.0
-200.0
-200.0
-1991.0
-200.0
-200.0
-200.0
-200.0
-1982.0
-200.0
-2000.0
-1271.0
-200.0
-200.0
-200.0
-200.0
-200.0
-200.0
-200.0
-200.0
-200.0
-200.0
-200.0
-200.0
-200.0
-200.0
-200.0
-200.0
-200.0
-200.0
-200.0
-479.0
-200.0
-353.0
-200.0
-200.0
-200.0
-200.0
-209.0
-200.0
-200.0
-200.0
-2000.0
-1307.0
-200.0
-1703.0
-200.0
-209.0
-200.0
-200.0
-200.0
-200.0
-200.0
-1118.0
-200.0
-407.0
-200.0
-200.0
-200.0
-200.0
-200.0
-200.0
-200.0
-200.0
-200.0
-200.0
-1550.0
-1244.0
-200.0
-200.0
-200.0
-1964.0
-200.0
-1973.0
-2000.0
-200.0
-200.0
-1973.0
-884.0
-200.0
-1856.0
-200.0
-200.0
-200.0
-794.0
-200.0
-200.0
-200.0
-200.0
-200.0
-200.0
-200.0
-200.0
-200.0
-200.0
-1694.0
-1982.0
-200.0
-2000.0
-200.0
-200.0
-200.0
-200.0
-200.0
-200.0
-200.0
-200.0
-398.0
-200.0
-200.0
-200.0
-200.0
-200.0
-200.0
-200.0
-200.0
-200.0
-2000.0
-200.0
-2000.0
-200.0
-200.0
-1694.0
-200.0
-200.0
-200.0
-200.0
-200.0
-200.0
-1127.0
-200.0
-200.0
-200.0
-1829.0
-200.0
-200.0
-200.0
-821.0
-200.0
-200.0
-200.0
-200.0
-1964.0
-200.0
-200.0
-200.0
-200.0
-200.0
-200.0
-200.0
-200.0
-200.0
-200.0
-200.0
-1487.0
-200.0
-200.0
-200.0
-200.0
-1073.0
-200.0
-1856.0
-200.0
-200.0
-2000.0
-200.0
-200.0
-200.0
-200.0
-200.0
-200.0
-1433.0
-200.0
-200.0
-1991.0
-1793.0
-200.0
-200.0
-2000.0
-344.0
-200.0
-200.0
-200.0
-200.0
-200.0
-200.0
-1406.0
-290.0
-506.0
-200.0
-200.0
-2000.0
-200.0
-1991.0
-1991.0
-200.0
-2000.0
-1991.0
-200.0
-200.0
-1055.0
-200.0
-200.0
-200.0
-200.0
-1028.0
-713.0
-1982.0
-1973.0
-200.0
-335.0
-1559.0
-2000.0
-1982.0
-200.0
-236.0
-1991.0
-200.0
-272.0
-1991.0
-1298.0
-200.0
-200.0
-1325.0
-200.0
-1082.0
-200.0
-200.0
-200.0
-200.0
-1955.0
-2000.0
-200.0
-200.0
-407.0
-200.0
-1685.0
-200.0
-200.0
-200.0
-200.0
-200.0
-200.0
-200.0
-200.0
-200.0
-200.0
-200.0
-200.0
-200.0
-200.0
-1460.0
-956.0
-200.0
-200.0
-200.0
-200.0
-1964.0
-2000.0
-1847.0
-200.0
-200.0
-200.0
-200.0
-200.0
-200.0
-1991.0
-200.0
-200.0
-200.0
-200.0
-200.0
-200.0
-200.0
-1991.0
-200.0
-200.0
-200.0
-659.0
-200.0
-200.0
-1991.0
-2000.0
-200.0
-200.0
-200.0
-1982.0
-425.0
-200.0
-695.0
-200.0
-2000.0
-200.0
-1685.0
-2000.0
-1964.0
-236.0
-200.0
-200.0
-200.0
-1568.0
-200.0
-1964.0
-200.0
-200.0
-1658.0
-200.0
-200.0
-200.0
-200.0
-200.0
-200.0
-200.0
-200.0
-200.0
-200.0
-344.0
-200.0
-200.0
-1640.0
-200.0
-1991.0
-200.0
-200.0
-200.0
-200.0
-200.0
-2000.0
-200.0
-200.0
-200.0
-1991.0
-200.0
-200.0
-200.0
-1982.0
-200.0
-200.0
-200.0
-2000.0
-2000.0
-2000.0
-1829.0
-1991.0
-866.0
-200.0
-2000.0
-200.0
-200.0
-1991.0
-200.0
-200.0
-2000.0
-2000.0
-515.0
-200.0
-1982.0
-200.0
-200.0
-200.0
-1973.0
-200.0
-200.0
-1964.0
-200.0
-416.0
-200.0
-200.0
-200.0
-200.0
-2000.0
-1973.0
-308.0
-1991.0
-614.0
-2000.0
-2000.0
-2000.0
-2000.0
-200.0
-200.0
-200.0
-371.0
-605.0
-1973.0
-200.0
-200.0
-200.0
-200.0
-200.0
-614.0
-200.0
-1982.0
-200.0
-2000.0
-200.0
-1982.0
-200.0
-1982.0
-200.0
-200.0
-200.0
-200.0
-200.0
-200.0
-200.0
-200.0
-200.0
-200.0
-200.0
-200.0
-200.0
-200.0
-200.0
-200.0
-200.0
-200.0
-200.0
-200.0
-200.0
-362.0
-1991.0
-200.0
-200.0
-1973.0
-515.0
-200.0
-200.0
-200.0
-200.0
-362.0
-1991.0
-2000.0
-200.0
-1991.0
-200.0
-200.0
-200.0
-2000.0
-1955.0
-200.0
-1973.0
-200.0
-200.0
-1973.0
-200.0
-200.0
-200.0
-200.0
-1937.0
-1946.0
-200.0
-200.0
-200.0
-200.0
-1946.0
-200.0
-200.0
-2000.0
-200.0
-200.0
-200.0
-1415.0
-200.0
-200.0
-200.0
-200.0
-200.0
-200.0
-200.0
-200.0
-200.0
-200.0
-1982.0
-200.0
-200.0
-200.0
-218.0
-2000.0
-1262.0
-200.0
-1982.0
-866.0
-200.0
-200.0
-578.0
-209.0
-200.0
-200.0
-200.0
-2000.0
-200.0
-200.0
-209.0
-200.0
-200.0
-2000.0
-2000.0
-200.0
-200.0
-776.0
-1982.0
-1037.0
-1091.0
-200.0
-2000.0
-200.0
-200.0
-1991.0
-200.0
-200.0
-200.0
-200.0
-200.0
-1982.0
-200.0
-1982.0
-1982.0
-200.0
-200.0
-200.0
-200.0
-200.0
-200.0
-1973.0
-200.0
-830.0
-1973.0
-200.0
-200.0
-200.0
-200.0
-785.0
-200.0
-200.0
-200.0
-200.0
-2000.0
-200.0
-200.0
-200.0
-200.0
-542.0
-200.0
-200.0
-200.0
-1991.0
-677.0
-200.0
-200.0
-1991.0
-200.0
-1982.0
-1982.0
-200.0
-893.0
-776.0
-200.0
-1991.0
-200.0
-200.0
-2000.0
-200.0
-1991.0
-200.0
-1991.0
-1973.0
-200.0
-1982.0
-1937.0
-200.0
-1010.0
-1973.0
-200.0
-200.0
-1991.0
-2000.0
-2000.0
-200.0
-200.0
-668.0
-200.0
-1658.0
-200.0
-200.0
-1973.0
-200.0
-200.0
-2000.0
-200.0
-1901.0
-200.0
-200.0
-200.0
-263.0
-551.0
-2000.0
-1118.0
-200.0
-2000.0
-200.0
-1991.0
-200.0
-200.0
-2000.0
-200.0
-200.0
-1676.0
-200.0
-200.0
-200.0
-200.0
-2000.0
-200.0
-200.0
-200.0
-200.0
-821.0
-2000.0
-200.0
-200.0
-200.0
-200.0
-1460.0
-2000.0
-200.0
-200.0
-2000.0
-200.0
-1991.0
-1784.0
-200.0
-821.0
-1514.0
-200.0
-200.0
-2000.0
-200.0
-2000.0
-200.0
-1829.0
-362.0
-200.0
-200.0
-1496.0
-200.0
-1793.0
-200.0
-200.0
-200.0
-200.0
-200.0
-1955.0
-200.0
-1694.0
-200.0
-1703.0
-200.0
-200.0
-200.0
-200.0
-335.0
-1586.0
-200.0
-200.0
-200.0
-200.0
-200.0
-200.0
-1982.0
-1991.0
-200.0
-2000.0
-200.0
-218.0
-200.0
-2000.0
-2000.0
-1991.0
-200.0
-290.0
-1982.0
-200.0
-200.0
-200.0
-200.0
-200.0
-200.0
-200.0
-1991.0
-731.0
-200.0
-200.0
-200.0
-2000.0
-200.0
-353.0
-1991.0
-2000.0
-200.0
-200.0
-200.0
-200.0
-821.0
-200.0
-200.0
-1649.0
-200.0
-1991.0
-200.0
-200.0
-200.0
-2000.0
-200.0
-200.0
-200.0
-1982.0
-200.0
-515.0
-200.0
-200.0
-200.0
-200.0
-200.0
-2000.0
-200.0
-1712.0
-200.0
-245.0
-1343.0
-200.0
-200.0
-1991.0
-299.0
-1982.0
-1982.0
-1982.0
-1910.0
-200.0
-200.0
-200.0
-2000.0
-200.0
-812.0
-1658.0
-227.0
-200.0
-200.0
-200.0
-200.0
-1937.0
-794.0
-200.0
-200.0
-200.0
-200.0
-200.0
-200.0
-200.0
-200.0
-200.0
-281.0
-902.0
-2000.0
-767.0
-200.0
-200.0
-317.0
-2000.0
-380.0
-263.0
-200.0
-200.0
-200.0
-2000.0
-1991.0
-1064.0
-1991.0
-623.0
-1973.0
-200.0
-200.0
-200.0
-1973.0
-992.0
-1829.0
-200.0
-200.0
-200.0
-1181.0
-200.0
-2000.0
-200.0
-200.0
-200.0
-200.0
-200.0
-371.0
-200.0
-200.0
-200.0
-326.0
-2000.0
-200.0
-209.0
-200.0
-2000.0
-200.0
-758.0
-371.0
-200.0
-1964.0
-200.0
-200.0
-200.0
-200.0
-200.0
-200.0
-326.0
-200.0
-200.0
-200.0
-200.0
-2000.0
-200.0
-200.0
-200.0
-200.0
-1811.0
-200.0
-2000.0
-200.0
-200.0
-200.0
-1595.0
-2000.0
-200.0
-200.0
-200.0
-200.0
-200.0
-200.0
-200.0
-200.0
-1874.0
-200.0
-200.0
-1838.0
-200.0
-902.0
-200.0
-1982.0
-2000.0
-2000.0
-200.0
-1811.0
-200.0
-200.0
-200.0
-425.0
-200.0
-1973.0
-1973.0
-200.0
-200.0
-1973.0
-200.0
-2000.0
-200.0
-2000.0
-2000.0
-1973.0
-200.0
-1964.0
-200.0
-1991.0
-200.0
-200.0
-200.0
-200.0
-1964.0
-2000.0
-1973.0
-200.0
-200.0
-200.0
-200.0
-1982.0
-200.0
-2000.0
-236.0
-200.0
-200.0
-200.0
-1991.0
-1973.0
-200.0
-2000.0
-200.0
-200.0
-200.0
-200.0
-2000.0
-1928.0
-200.0
-200.0
-398.0
-200.0
-2000.0
-200.0
-506.0
-1973.0
-200.0
-200.0
-1838.0
-794.0
-1964.0
-200.0
-200.0
-794.0
-1991.0
-200.0
-200.0
-200.0
-1991.0
-1991.0
-281.0
-1829.0
-200.0
-200.0
-200.0
-200.0
-200.0
-200.0
-200.0
-200.0
-200.0
-200.0
-200.0
-200.0
-416.0
-200.0
-200.0
-1640.0
-200.0
-200.0
-677.0
-200.0
-200.0
-200.0
-200.0
-821.0
-200.0
-317.0
-200.0
-200.0
-200.0
-1658.0
-1991.0
-200.0
-200.0
-1919.0
-1991.0
-200.0
-200.0
-1109.0
-200.0
-200.0
-200.0
-200.0
-2000.0
-200.0
-200.0
-200.0
-200.0
-1154.0
-200.0
-1658.0
-200.0
-200.0
-200.0
-1658.0
-200.0
-200.0
-200.0
-1469.0
-254.0
-398.0
-200.0
-209.0
-200.0
-200.0
-1991.0
-200.0
-200.0
-731.0
-1991.0
-209.0
-974.0
-1973.0
-407.0
-200.0
-200.0
-200.0
-200.0
-200.0
-200.0
-542.0
-200.0
-200.0
-200.0
-2000.0
-389.0
-200.0
-362.0
-551.0
-200.0
-353.0
-1937.0
-200.0
-200.0
-344.0
-1991.0
-200.0
-200.0
-2000.0
-200.0
-2000.0
-200.0
-1046.0
-200.0
-290.0
-461.0
-1991.0
-200.0
-623.0
-200.0
-200.0
-200.0
-200.0
-452.0
-200.0
-200.0
-200.0
-200.0
-200.0
-200.0
-2000.0
-200.0
-200.0
-227.0
-200.0
-200.0
-200.0
-200.0
-1991.0
-200.0
-200.0
-200.0
-200.0
-524.0
-1694.0
-992.0
-281.0
-200.0
-200.0
-200.0
-200.0
-200.0
-200.0
-200.0
-200.0
-200.0
-200.0
-200.0
-200.0
-200.0
-200.0
-200.0
-200.0
-821.0
-2000.0
-371.0
-200.0
-2000.0
-1838.0
-200.0
-200.0
-200.0
-1991.0
-200.0
-200.0
-200.0
-380.0
-200.0
-200.0
-209.0
-200.0
-200.0
-200.0
-200.0
-200.0
-200.0
-200.0
-200.0
-200.0
-254.0
-200.0
-200.0
-407.0
-200.0
-200.0
-1748.0
-200.0
-200.0
-200.0
-200.0
-200.0
-1343.0
-200.0
-200.0
-200.0
-281.0
-200.0
-200.0
-200.0
-2000.0
-200.0
-1982.0
-200.0
-1451.0
-200.0
-200.0
-245.0
-200.0
-200.0
-731.0
-1433.0
-200.0
-200.0
-704.0
-308.0
-200.0
-416.0
-200.0
-272.0
-200.0
-200.0
-200.0
-200.0
-200.0
-200.0
-200.0
-200.0
-200.0
-200.0
-200.0
-200.0
-200.0
-200.0
-200.0
-200.0
-200.0
-200.0
-200.0
-200.0
-200.0
-200.0
-200.0
-200.0
-2000.0
-200.0
-200.0
-533.0
-461.0
-1082.0
-1109.0
-1991.0
-200.0
-2000.0
-200.0
-200.0
-200.0
-1991.0
-200.0
-200.0
-200.0
-2000.0
-560.0
-2000.0
-2000.0
-1973.0
-200.0
-200.0
-326.0
-200.0
-2000.0
-218.0
-200.0
-200.0
-200.0
-344.0
-200.0
-1703.0
-200.0
-200.0
-614.0
-1982.0
-2000.0
-200.0
-200.0
-200.0
-200.0
-200.0
-1127.0
-983.0
-200.0
-200.0
-200.0
-839.0
-200.0
-200.0
-200.0
-2000.0
-200.0
-200.0
-812.0
-200.0
-2000.0
-200.0
-200.0
-200.0
-1982.0
-200.0
-200.0
-200.0
-200.0
-200.0
-200.0
-200.0
-1640.0
-1262.0
-200.0
-200.0
-200.0
-200.0
-200.0
-263.0
-452.0
-200.0
-200.0
-1946.0
-200.0
-200.0
-200.0
-200.0
-200.0
-245.0
-398.0
-200.0
-1424.0
-200.0
-425.0
-659.0
-200.0
-200.0
-200.0
-200.0
-200.0
-1982.0
-416.0
-200.0
-200.0
-200.0
-200.0
-2000.0
-1982.0
-200.0
-200.0
-200.0
-1982.0
-200.0
-200.0
-200.0
-335.0
-200.0
-200.0
-740.0
-2000.0
-200.0
-200.0
-200.0
-1973.0
-200.0
-200.0
-380.0
-2000.0
-1982.0
-200.0
-1622.0
-200.0
-1982.0
-1982.0
-803.0
-200.0
-263.0
-200.0
-200.0
-200.0
-200.0
-200.0
-200.0
-2000.0
-200.0
-200.0
-1991.0
-1982.0
-317.0
-1757.0
-1991.0
-686.0
-200.0
-200.0
-200.0
-200.0
-200.0
-200.0
-200.0
-200.0
-200.0
-200.0
-200.0
-245.0
-614.0
-2000.0
-200.0
-200.0
-281.0
-200.0
-200.0
-209.0
-200.0
-200.0
-200.0
-200.0
-200.0
-1658.0
-200.0
-200.0
-758.0
-200.0
-200.0
-1505.0
-200.0
-200.0
-200.0
-2000.0
-524.0
-200.0
-1064.0
-767.0
-1289.0
-200.0
-335.0
-200.0
-200.0
-200.0
-200.0
-1991.0
-200.0
-200.0
-1649.0
-200.0
-254.0
-200.0
-524.0
-200.0
-200.0
-200.0
-1262.0
-200.0
-200.0
-200.0
-200.0
-200.0
-200.0
-200.0
-200.0
-200.0
-200.0
-200.0
-524.0
-200.0
-200.0
-200.0
-200.0
-200.0
-821.0
-200.0
-209.0
-200.0
-200.0
-200.0
-200.0
-200.0
-254.0
-200.0
-479.0
-200.0
-263.0
-200.0
-200.0
-200.0
-749.0
-200.0
-200.0
-1109.0
-200.0
-1874.0
-200.0
-200.0
-200.0
-200.0
-200.0
-200.0
-200.0
-200.0
-200.0
-200.0
-533.0
-200.0
-1109.0
-272.0
-200.0
-2000.0
-200.0
-389.0
-200.0
-200.0
-1460.0
-200.0
-200.0
-200.0
-200.0
-200.0
-200.0
-245.0
-200.0
-254.0
-200.0
-200.0
-200.0
-200.0
-200.0
-200.0
-200.0
-200.0
-200.0
-200.0
-200.0
-1946.0
-200.0
-200.0
-200.0
-200.0
-200.0
-200.0
-200.0
-200.0
-200.0
-722.0
-200.0
-641.0
-245.0
-200.0
-200.0
-200.0
-200.0
-200.0
-200.0
-200.0
-200.0
-200.0
-200.0
-200.0
-200.0
-200.0
-200.0
-1532.0
-200.0
-245.0
-200.0
-200.0
-200.0
-353.0
-200.0
-200.0
-200.0
-200.0
-200.0
-200.0
-200.0
-200.0
-200.0
-200.0
-200.0
-200.0
-200.0
-200.0
-200.0
-200.0
-875.0
-200.0
-200.0
-200.0
-200.0
-200.0
-200.0
-200.0
-200.0
-2000.0
-200.0
-200.0
-452.0
-1298.0
-200.0
-200.0
-497.0
-200.0
-2000.0
-200.0
-1991.0
-200.0
-200.0
-389.0
-200.0
-398.0
-200.0
-200.0
-200.0
-200.0
-200.0
-200.0
-200.0
-200.0
-1991.0
-200.0
-200.0
-200.0
-200.0
-326.0
-200.0
-974.0
-200.0
-200.0
-200.0
-200.0
-533.0
-200.0
-200.0
-200.0
-200.0
-533.0
-200.0
-200.0
-200.0
-200.0
-200.0
-200.0
-200.0
-263.0
-200.0
-362.0
-200.0
-1073.0
-200.0
-200.0
-200.0
-200.0
-1145.0
-200.0
-200.0
-722.0
-200.0
-200.0
-326.0
-200.0
-299.0
-200.0
-200.0
-200.0
-200.0
-200.0
-200.0
-200.0
-209.0
-200.0
-2000.0
-200.0
-1838.0
-200.0
-200.0
-200.0
-200.0
-200.0
-200.0
-200.0
-200.0
-1991.0
-1622.0
-1973.0
-1991.0
-200.0
-200.0
-200.0
-200.0
-200.0
-200.0
-200.0
-200.0
-200.0
-200.0
-200.0
-200.0
-200.0
-200.0
-416.0
-200.0
-200.0
-200.0
-200.0
-200.0
-200.0
-254.0
-200.0
-1973.0
-326.0
-200.0
-200.0
-200.0
-1973.0
-200.0
-497.0
-200.0
-2000.0
-200.0
-1001.0
-200.0
-200.0
-380.0
-1973.0
-236.0
-200.0
-200.0
-1046.0
-200.0
-200.0
-1991.0
-200.0
-290.0
-200.0
-200.0
-200.0
-200.0
-200.0
-200.0
-200.0
-2000.0
-200.0
-200.0
-200.0
-200.0
-254.0
-200.0
-200.0
-254.0
-1991.0
-200.0
-200.0
-938.0
-1460.0
-2000.0
-200.0
-686.0
-200.0
-200.0
-200.0
-200.0
-200.0
-200.0
-200.0
-1370.0
-200.0
-200.0
-200.0
-200.0
-200.0
-200.0
-200.0
-200.0
-200.0
-200.0
-200.0
-200.0
-200.0
-200.0
-200.0
-200.0
-200.0
-200.0
-200.0
-200.0
-209.0
-200.0
-200.0
-200.0
-200.0
-200.0
-200.0
-200.0
-200.0
-200.0
-200.0
-200.0
-200.0
-1937.0
-200.0
-200.0
-200.0
-443.0
-452.0
-200.0
-245.0
-200.0
-839.0
-200.0
-200.0
-200.0
-200.0
-200.0
-200.0
-200.0
-200.0
-200.0
-200.0
-200.0
-200.0
-200.0
-200.0
-200.0
-200.0
-200.0
-200.0
-200.0
-200.0
-227.0
-200.0
-200.0
-200.0
-200.0
-200.0
-200.0
-200.0
-299.0
-200.0
-200.0
-200.0
-200.0
-200.0
-200.0
-200.0
-200.0
-200.0
-200.0
-200.0
-821.0
-200.0
-200.0
-200.0
-200.0
-200.0
-200.0
-209.0
-200.0
-533.0
-200.0
-200.0
-200.0
-200.0
-200.0
-200.0
-407.0
-398.0
-200.0
-227.0
-200.0
-200.0
-200.0
-200.0
-200.0
-200.0
-200.0
-1316.0
-200.0
-200.0
-200.0
-200.0
-200.0
-200.0
-200.0
-542.0
-200.0
-200.0
-200.0
-200.0
-1784.0
-200.0
-200.0
-200.0
-200.0
-200.0
-200.0
-200.0
-200.0
-200.0
-200.0
-866.0
-200.0
-200.0
-200.0
-200.0
-200.0
-299.0
-200.0
-605.0
-200.0
-200.0
-200.0
-200.0
-488.0
-200.0
-353.0
-200.0
-200.0
-1163.0
-1487.0
-200.0
-200.0
-200.0
-200.0
-200.0
-200.0
-200.0
-200.0
-200.0
-200.0
-200.0
-200.0
-200.0
-200.0
-200.0
-200.0
-200.0
-200.0
-929.0
-1991.0
-200.0
-200.0
-200.0
-200.0
-200.0
-2000.0
-200.0
-200.0
-389.0
-200.0
-200.0
-200.0
-200.0
-200.0
-200.0
-200.0
-380.0
-200.0
-200.0
-200.0
-200.0
-1991.0
-200.0
-200.0
-200.0
-200.0
-200.0
-200.0
-200.0
-200.0
-200.0
-200.0
-1856.0
-200.0
-200.0
-200.0
-200.0
-200.0
-200.0
-200.0
-1631.0
-200.0
-200.0
-200.0
-200.0
-2000.0
-200.0
-200.0
-200.0
-200.0
-200.0
-209.0
-200.0
-200.0
-200.0
-200.0
-200.0
-1109.0
-200.0
-200.0
-200.0
-200.0
-200.0
-200.0
-209.0
-200.0
-200.0
-200.0
-200.0
-200.0
-200.0
-1937.0
-1991.0
-200.0
-200.0
-200.0
-200.0
-200.0
-200.0
-200.0
-200.0
-200.0
-200.0
-200.0
-200.0
-200.0
-200.0
-1991.0
-200.0
-200.0
-200.0
-200.0
-200.0
-200.0
-200.0
-1316.0
-1361.0
-200.0
-200.0
-200.0
-200.0
-200.0
-200.0
-200.0
-200.0
-200.0
-200.0
-551.0
-200.0
-218.0
-200.0
-200.0
-200.0
-200.0
-542.0
-200.0
-200.0
-200.0
-200.0
-200.0
-200.0
-200.0
-200.0
-200.0
-200.0
-1082.0
-200.0
-290.0
-200.0
-200.0
-200.0
-200.0
-200.0
-200.0
-200.0
-200.0
-200.0
-200.0
-200.0
-200.0
-200.0
-200.0
-200.0
-200.0
-200.0
-200.0
-200.0
-200.0
-200.0
-200.0
-200.0
-200.0
-200.0
-200.0
-200.0
-200.0
-200.0
-200.0
-200.0
-200.0
-200.0
-200.0
-200.0
-200.0
-200.0
-200.0
-218.0
-1181.0
-218.0
-200.0
-200.0
-200.0
-560.0
-200.0
-200.0
-200.0
-2000.0
-2000.0
-200.0
-200.0
-200.0
-2000.0
-2000.0
-200.0
-200.0
-200.0
-200.0
-200.0
-200.0
-2000.0
-947.0
-200.0
-1982.0
-200.0
-263.0
-200.0
-200.0
-200.0
-200.0
-200.0
-200.0
-1982.0
-200.0
-1847.0
-2000.0
-605.0
-200.0
-200.0
-1748.0
-272.0
-1955.0
-200.0
-200.0
-200.0
-2000.0
-200.0
-200.0
-200.0
-974.0
-1991.0
-2000.0
-200.0
-200.0
-2000.0
-200.0
-200.0
-200.0
-200.0
-200.0
-200.0
-1982.0
-200.0
-524.0
-1982.0
-2000.0
-200.0
-1694.0
-200.0
-1991.0
-200.0
-200.0
-2000.0
-2000.0
-2000.0
-1991.0
-200.0
-200.0
-200.0
-200.0
-1973.0
-1982.0
-2000.0
-200.0
-1991.0
-200.0
-2000.0
-200.0
-488.0
-1982.0
-200.0
-200.0
-200.0
-200.0
-1829.0
-200.0
-200.0
-200.0
-200.0
-200.0
-1991.0
-200.0
-200.0
-200.0
-1991.0
-1991.0
-1982.0
-200.0
-200.0
-1991.0
-1964.0
-200.0
-2000.0
-542.0
-2000.0
-200.0
-281.0
-2000.0
-2000.0
-1055.0
-2000.0
-200.0
-200.0
-1964.0
-1982.0
-200.0
-2000.0
-1991.0
-200.0
-200.0
-470.0
-200.0
-2000.0
-380.0
-2000.0
-2000.0
-200.0
-2000.0
-2000.0
-2000.0
-1991.0
-200.0
-200.0
-2000.0
-200.0
-2000.0
-1973.0
-200.0
-200.0
-200.0
-200.0
-200.0
-2000.0
-2000.0
-200.0
-1991.0
-965.0
-2000.0
-200.0
-2000.0
-200.0
-200.0
-200.0
-1991.0
-1973.0
-200.0
-200.0
-1991.0
-200.0
-2000.0
-1955.0
-848.0
-200.0
-200.0
-2000.0
-398.0
-1991.0
-2000.0
-911.0
-200.0
-200.0
-200.0
-200.0
-1991.0
-956.0
-1190.0
-1703.0
-200.0
-1892.0
-200.0
-200.0
-200.0
-2000.0
-200.0
-200.0
-2000.0
-200.0
-1757.0
-200.0
-2000.0
-200.0
-1982.0
-200.0
-236.0
-200.0
-2000.0
-2000.0
-1982.0
-209.0
-200.0
-1991.0
-2000.0
-200.0
-200.0
-200.0
-1991.0
-200.0
-200.0
-1964.0
-1334.0
-200.0
-200.0
-1973.0
-1874.0
-200.0
-200.0
-1991.0
-2000.0
-1793.0
-200.0
-200.0
-200.0
-200.0
-200.0
-2000.0
-2000.0
-2000.0
-200.0
-200.0
-1991.0
-200.0
-200.0
-200.0
-200.0
-2000.0
-200.0
-1982.0
-2000.0
-2000.0
-200.0
-200.0
-2000.0
-200.0
-200.0
-200.0
-335.0
-2000.0
-317.0
-200.0
-200.0
-326.0
-200.0
-200.0
-1505.0
-200.0
-1982.0
-578.0
-1982.0
-1973.0
-200.0
-200.0
-200.0
-200.0
-200.0
-200.0
-1289.0
-200.0
-200.0
-200.0
-2000.0
-200.0
-2000.0
-2000.0
-2000.0
-200.0
-200.0
-200.0
-200.0
-317.0
-200.0
-1325.0
-200.0
-200.0
-479.0
-200.0
-200.0
-1991.0
-398.0
-200.0
-200.0
-686.0
-200.0
-200.0
-398.0
-1352.0
-200.0
-200.0
-200.0
-641.0
-200.0
-200.0
-200.0
-200.0
-200.0
-200.0
-200.0
-200.0
-200.0
-200.0
-722.0
-200.0
-200.0
-218.0
-200.0
-200.0
-200.0
-200.0
-200.0
-200.0
-200.0
-2000.0
-1964.0
-2000.0
-200.0
-200.0
-2000.0
-200.0
-200.0
-200.0
-200.0
-1964.0
-200.0
-200.0
-605.0
-1982.0
-1991.0
-200.0
-1982.0
-200.0
-2000.0
-200.0
-1577.0
-200.0
-1550.0
-371.0
-200.0
-2000.0
-434.0
-425.0
-1397.0
-2000.0
-200.0
-200.0
-200.0
-200.0
-200.0
-200.0
-200.0
-200.0
-200.0
-200.0
-344.0
-1991.0
-200.0
-200.0
-1982.0
-1406.0
-200.0
-1991.0
-200.0
-200.0
-200.0
-200.0
-200.0
-200.0
-281.0
-1514.0
-200.0
-1208.0
-200.0
-1172.0
-200.0
-2000.0
-200.0
-200.0
-2000.0
-200.0
-200.0
-1298.0
-200.0
-200.0
-200.0
-200.0
-200.0
-704.0
-200.0
-200.0
-200.0
-200.0
-200.0
-200.0
-2000.0
-200.0
-200.0
-200.0
-2000.0
-200.0
-200.0
-200.0
-605.0
-200.0
-1343.0
-200.0
-650.0
-200.0
-1982.0
-200.0
-200.0
-1991.0
-200.0
-587.0
-200.0
-200.0
-200.0
-200.0
-200.0
-200.0
-200.0
-200.0
-200.0
-200.0
-1991.0
-254.0
-1721.0
-200.0
-425.0
-200.0
-200.0
-200.0
-200.0
-1766.0
-200.0
-200.0
-218.0
-2000.0
-281.0
-200.0
-2000.0
-200.0
-470.0
-200.0
-200.0
-1982.0
-200.0
-200.0
-1991.0
-2000.0
-200.0
-200.0
-2000.0
-1982.0
-1991.0
-200.0
-2000.0
-200.0
-200.0
-200.0
-200.0
-479.0
-299.0
-2000.0
-200.0
-200.0
-1496.0
-200.0
-1982.0
-200.0
-749.0
-2000.0
-2000.0
-1991.0
-200.0
-200.0
-623.0
-200.0
-1982.0
-1991.0
-200.0
-200.0
-200.0
-200.0
-200.0
-209.0
-200.0
-200.0
-200.0
-1019.0
-200.0
-200.0
-2000.0
-1136.0
-1982.0
-1802.0
-1739.0
-200.0
-200.0
-200.0
-2000.0
-200.0
-2000.0
-200.0
-245.0
-200.0
-2000.0
-974.0
-200.0
-200.0
-200.0
-1838.0
-200.0
-1973.0
-335.0
-2000.0
-200.0
-200.0
-200.0
-1991.0
-200.0
-200.0
-200.0
-416.0
-1298.0
-200.0
-1991.0
-200.0
-569.0
-200.0
-200.0
-380.0
-200.0
-245.0
-1577.0
-1991.0
-1784.0
-2000.0
-1514.0
-1550.0
-200.0
-200.0
-866.0
-1973.0
-1991.0
-200.0
-200.0
-200.0
-2000.0
-1109.0
-2000.0
-200.0
-200.0
-794.0
-200.0
-200.0
-1145.0
-353.0
-200.0
-1487.0
-200.0
-218.0
-407.0
-2000.0
-425.0
-200.0
-1037.0
-200.0
-200.0
-200.0
-200.0
-200.0
-200.0
-2000.0
-2000.0
-218.0
-200.0
-200.0
-200.0
-200.0
-551.0
-200.0
-200.0
-200.0
-200.0
-200.0
-578.0
-200.0
-200.0
-2000.0
-371.0
-200.0
-200.0
-200.0
-200.0
-2000.0
-200.0
-200.0
-326.0
-200.0
-200.0
-200.0
-200.0
-533.0
-2000.0
-200.0
-200.0
-1775.0
-200.0
-200.0
-1991.0
-1991.0
-1991.0
-1127.0
-200.0
-200.0
-1784.0
-200.0
-2000.0
-200.0
-866.0
-1451.0
-200.0
-200.0
-560.0
-2000.0
-200.0
-1415.0
-1982.0
-1262.0
-200.0
-1982.0
-200.0
-200.0
-200.0
-947.0
-2000.0
-1091.0
-2000.0
-524.0
-200.0
-200.0
-200.0
-200.0
-200.0
-461.0
-380.0
-200.0
-200.0
-1667.0
-200.0
-2000.0
-1136.0
-200.0
-1811.0
-200.0
-200.0
-200.0
-200.0
-1973.0
-1370.0
-200.0
-200.0
-200.0
-2000.0
-200.0
-200.0
-200.0
-200.0
-758.0
-200.0
-200.0
-542.0
-200.0
-1982.0
-200.0
-1973.0
-1982.0
-200.0
-200.0
-2000.0
-533.0
-1982.0
-2000.0
-200.0
-200.0
-227.0
-200.0
-200.0
-200.0
-1991.0
-2000.0
-209.0
-1991.0
-2000.0
-200.0
-236.0
-200.0
-200.0
-200.0
-1811.0
-200.0
-200.0
-200.0
-1469.0
-200.0
-1982.0
-200.0
-2000.0
-200.0
-200.0
-1289.0
-200.0
-2000.0
-200.0
-200.0
-200.0
-200.0
-200.0
-200.0
-1991.0
-200.0
-200.0
-1991.0
-506.0
-2000.0
-2000.0
-200.0
-200.0
-2000.0
-2000.0
-362.0
-1982.0
-542.0
-848.0
-200.0
-2000.0
-1694.0
-200.0
-2000.0
-200.0
-434.0
-362.0
-1991.0
-200.0
-1262.0
-200.0
-1982.0
-2000.0
-1991.0
-200.0
-200.0
-1991.0
-848.0
-1334.0
-1325.0
-200.0
-200.0
-1982.0
-200.0
-200.0
-200.0
-200.0
-2000.0
-200.0
-200.0
-2000.0
-200.0
-200.0
-272.0
-398.0
-200.0
-200.0
-200.0
-200.0
-470.0
-200.0
-200.0
-1991.0
-200.0
-2000.0
-1388.0
-2000.0
-200.0
-200.0
-200.0
-200.0
-1991.0
-200.0
-1991.0
-200.0
-2000.0
-200.0
-560.0
-200.0
-200.0
-1982.0
-1433.0
-200.0
-1991.0
-200.0
-1955.0
-2000.0
-200.0
-2000.0
-1991.0
-200.0
-200.0
-200.0
-200.0
-1991.0
-200.0
-200.0
-200.0
-2000.0
-200.0
-200.0
-200.0
-200.0
-200.0
-200.0
-200.0
-1631.0
-200.0
-560.0
-200.0
-200.0
-200.0
-632.0
-200.0
-200.0
-200.0
-200.0
-200.0
-1100.0
-623.0
-200.0
-200.0
-200.0
-200.0
-632.0
-200.0
-200.0
-308.0
-983.0
-200.0
-200.0
-200.0
-200.0
-200.0
-1568.0
-200.0
-200.0
-200.0
-200.0
-200.0
-200.0
-200.0
-200.0
-353.0
-200.0
-200.0
-992.0
-1991.0
-1244.0
-209.0
-200.0
-200.0
-200.0
-200.0
-578.0
-200.0
-200.0
-200.0
-200.0
-299.0
-200.0
-200.0
-1433.0
-200.0
-200.0
-200.0
-200.0
-200.0
-200.0
-200.0
-200.0
-200.0
-2000.0
-2000.0
-200.0
-200.0
-2000.0
-200.0
-200.0
-200.0
-344.0
-200.0
-200.0
-1379.0
-200.0
-200.0
-209.0
-344.0
-200.0
-821.0
-200.0
-200.0
-641.0
-200.0
-200.0
-1460.0
-416.0
-200.0
-200.0
-1973.0
-200.0
-200.0
-200.0
-308.0
-200.0
-200.0
-416.0
-470.0
-200.0
-326.0
-200.0
-200.0
-200.0
-200.0
-200.0
-200.0
-200.0
-200.0
-200.0
-200.0
-929.0
-200.0
-200.0
-1667.0
-200.0
-200.0
-200.0
-200.0
-200.0
-200.0
-200.0
-1829.0
-1856.0
-209.0
-200.0
-200.0
-200.0
-200.0
-1298.0
-200.0
-200.0
-200.0
-200.0
-200.0
-200.0
-200.0
-569.0
-200.0
-200.0
-200.0
-200.0
-200.0
-200.0
-200.0
-200.0
-200.0
-200.0
-1028.0
-209.0
-200.0
-200.0
-200.0
-200.0
-200.0
-200.0
-668.0
-200.0
-200.0
-1424.0
-200.0
-200.0
-200.0
-200.0
-200.0
-200.0
-200.0
-1226.0
-200.0
-200.0
-200.0
-965.0
-200.0
-200.0
-272.0
-947.0
-200.0
-1991.0
-200.0
-200.0
-200.0
-200.0
-254.0
-200.0
-200.0
-2000.0
-200.0
-200.0
-200.0
-200.0
-200.0
-200.0
-362.0
-200.0
-1928.0
-2000.0
-398.0
-326.0
-740.0
-200.0
-200.0
-200.0
-1928.0
-200.0
-200.0
-1811.0
-200.0
-200.0
-200.0
-605.0
-1568.0
-200.0
-200.0
-200.0
-200.0
-200.0
-200.0
-200.0
-425.0
-200.0
-803.0
-200.0
-200.0
-200.0
-200.0
-200.0
-200.0
-200.0
-1982.0
-200.0
-200.0
-200.0
-506.0
-200.0
-200.0
-1505.0
-200.0
-200.0
-200.0
-200.0
-1982.0
-200.0
-200.0
-200.0
-200.0
-200.0
-200.0
-1721.0
-200.0
-200.0
-200.0
-200.0
-200.0
-200.0
-200.0
-2000.0
-200.0
-200.0
-200.0
-200.0
-263.0
-200.0
-209.0
-200.0
-200.0
-200.0
-200.0
-200.0
-452.0
-1811.0
-254.0
-200.0
-200.0
-200.0
-200.0
-200.0
-200.0
-200.0
-200.0
-200.0
-200.0
-200.0
-200.0
-470.0
-200.0
-200.0
-200.0
-272.0
-200.0
-1064.0
-200.0
-200.0
-200.0
-1946.0
-200.0
-200.0
-200.0
-515.0
-1784.0
-2000.0
-200.0
-344.0
-200.0
-785.0
-1991.0
-200.0
-1874.0
-1991.0
-200.0
-380.0
-605.0
-200.0
-380.0
-200.0
-200.0
-200.0
-200.0
-200.0
-200.0
-200.0
-200.0
-200.0
-200.0
-200.0
-200.0
-200.0
-200.0
-200.0
-200.0
-200.0
-200.0
-200.0
-200.0
-200.0
-704.0
-200.0
-1694.0
-200.0
-200.0
-200.0
-209.0
-200.0
-200.0
-200.0
-200.0
-200.0
-200.0
-200.0
-200.0
-200.0
-200.0
-677.0
-200.0
-200.0
-200.0
-209.0
-200.0
-200.0
-200.0
-200.0
-1370.0
-200.0
-209.0
-1154.0
-200.0
-200.0
-362.0
-1964.0
-524.0
-200.0
-200.0
-200.0
-200.0
-200.0
-200.0
-200.0
-200.0
-200.0
-200.0
-200.0
-200.0
-461.0
-200.0
-200.0
-1073.0
-200.0
-434.0
-200.0
-200.0
-200.0
-200.0
-200.0
-317.0
-209.0
-200.0
-200.0
-308.0
-200.0
-200.0
-200.0
-200.0
-200.0
-200.0
-200.0
-200.0
-200.0
-290.0
-200.0
-200.0
-200.0
-200.0
-200.0
-200.0
-200.0
-200.0
-200.0
-1649.0
-200.0
-200.0
-200.0
-200.0
-200.0
-200.0
-200.0
-200.0
-200.0
-200.0
-200.0
-200.0
-200.0
-200.0
-200.0
-200.0
-200.0
-200.0
-200.0
-200.0
-200.0
-200.0
-200.0
-200.0
-200.0
-200.0
-200.0
-200.0
-200.0
-200.0
-200.0
-200.0
-200.0
-200.0
-200.0
-200.0
-200.0
-200.0
-200.0
-1334.0
-461.0
-200.0
-200.0
-200.0
-200.0
-200.0
-200.0
-200.0
-200.0
-200.0
-200.0
-200.0
-200.0
-200.0
-200.0
-200.0
-200.0
-2000.0
-200.0
-200.0
-200.0
-200.0
-1982.0
-254.0
-200.0
-200.0
-200.0
-848.0
-200.0
-200.0
-200.0
-200.0
-200.0
-200.0
-200.0
-1019.0
-200.0
-569.0
-200.0
-200.0
-200.0
-200.0
-200.0
-1064.0
-200.0
-200.0
-200.0
-272.0
-200.0
-533.0
-200.0
-200.0
-200.0
-200.0
-200.0
-200.0
-200.0
-200.0
-1811.0
-200.0
-200.0
-200.0
-200.0
-200.0
-200.0
-200.0
-1694.0
-200.0
-200.0
-200.0
-200.0
-200.0
-200.0
-200.0
-632.0
-200.0
-200.0
-200.0
-200.0
-200.0
-200.0
-200.0
-731.0
-200.0
-200.0
-200.0
-200.0
-1577.0
-200.0
-200.0
-2000.0
-200.0
-200.0
-200.0
-200.0
-200.0
-200.0
-200.0
-200.0
-200.0
-200.0
-200.0
-200.0
-200.0
-200.0
-200.0
-200.0
-200.0
-200.0
-200.0
-200.0
-200.0
-200.0
-200.0
-200.0
-218.0
-848.0
-200.0
-200.0
-200.0
-200.0
-200.0
-200.0
-200.0
-200.0
-2000.0
-200.0
-200.0
-200.0
-200.0
-200.0
-1037.0
-200.0
-200.0
-200.0
-200.0
-200.0
-200.0
-200.0
-200.0
-200.0
-200.0
-200.0
-200.0
-200.0
-200.0
-200.0
-200.0
-200.0
-200.0
-200.0
-200.0
-200.0
-200.0
-200.0
-200.0
-200.0
-200.0
-200.0
-200.0
-200.0
-200.0
-200.0
-200.0
-200.0
-200.0
-200.0
-200.0
-200.0
-200.0
-200.0
-200.0
-200.0
-200.0
-200.0
-200.0
-200.0
-200.0
-200.0
-200.0
-200.0
-200.0
-200.0
-200.0
-200.0
-200.0
-200.0
-200.0
-200.0
-200.0
-200.0
-389.0
-200.0
-200.0
-200.0
-200.0
-200.0
-200.0
-200.0
-200.0
-200.0
-200.0
-200.0
-200.0
-200.0
-200.0
-200.0
-200.0
-209.0
-200.0
-200.0
-200.0
-200.0
-254.0
-200.0
-200.0
-200.0
-227.0
-344.0
-200.0
-200.0
-200.0
-200.0
-200.0
-200.0
-200.0
-200.0
-1028.0
-200.0
-200.0
-200.0
-200.0
-200.0
-200.0
-200.0
-200.0
-200.0
-200.0
-200.0
-209.0
-200.0
-200.0
-200.0
-200.0
-200.0
-200.0
-200.0
-200.0
-200.0
-200.0
-200.0
-200.0
-200.0
-200.0
-200.0
-200.0
-200.0
-200.0
-200.0
-200.0
-200.0
-200.0
-200.0
-200.0
-200.0
-200.0
-200.0
-200.0
-200.0
-200.0
-200.0
-1280.0
-200.0
-614.0
-200.0
-200.0
-200.0
-200.0
-200.0
-200.0
-200.0
-200.0
-200.0
-200.0
-200.0
-200.0
-200.0
-200.0
-200.0
-200.0
-200.0
-398.0
-200.0
-200.0
-200.0
-200.0
-200.0
-200.0
-200.0
-200.0
