-758.0
-920.0
-803.0
-767.0
-713.0
-740.0
-659.0
-731.0
-623.0
-623.0
-830.0
-731.0
-884.0
-803.0
-866.0
-695.0
-776.0
-758.0
-785.0
-812.0
-785.0
-740.0
-884.0
-695.0
-731.0
-704.0
-767.0
-767.0
-457.0
-740.0
-749.0
-695.0
-785.0
-812.0
-776.0
-839.0
-803.0
-893.0
-731.0
-632.0
-677.0
-740.0
-848.0
-695.0
-803.0
-776.0
-677.0
-668.0
-803.0
-740.0
-695.0
-623.0
-668.0
-839.0
-695.0
-776.0
-803.0
-695.0
-641.0
-686.0
-794.0
-632.0
-695.0
-686.0
-713.0
-677.0
-713.0
-713.0
-704.0
-614.0
-677.0
-758.0
-704.0
-713.0
-749.0
-542.0
-740.0
-713.0
-686.0
-812.0
-596.0
-686.0
-785.0
-722.0
-704.0
-659.0
-704.0
-518.0
-686.0
-848.0
-803.0
-605.0
-632.0
-668.0
-182.0
-740.0
-650.0
-722.0
-641.0
-686.0
-686.0
-758.0
-677.0
-713.0
-758.0
-713.0
-758.0
-713.0
-605.0
-623.0
-551.0
-659.0
-749.0
-677.0
-623.0
-650.0
-713.0
-605.0
-641.0
-731.0
-623.0
-677.0
-677.0
-821.0
-623.0
-794.0
-641.0
-767.0
-659.0
-632.0
-713.0
-641.0
-560.0
-650.0
-650.0
-677.0
-749.0
-542.0
-632.0
-686.0
-140.0
-578.0
-695.0
-551.0
-560.0
-641.0
-614.0
-749.0
-596.0
-578.0
-686.0
-596.0
-677.0
-641.0
-551.0
-524.0
-668.0
-578.0
-650.0
-542.0
-524.0
-596.0
-695.0
-614.0
-695.0
-794.0
-713.0
-695.0
-534.0
-587.0
-596.0
-632.0
-560.0
-587.0
-596.0
-641.0
-605.0
-578.0
-659.0
-569.0
-659.0
-578.0
-605.0
-542.0
-551.0
-623.0
-497.0
-650.0
-515.0
-695.0
-542.0
-623.0
-614.0
-623.0
-686.0
-587.0
-605.0
-569.0
-587.0
-623.0
-515.0
-533.0
-569.0
-569.0
-414.0
-560.0
-551.0
-569.0
-452.0
-533.0
-578.0
-677.0
-722.0
-506.0
-551.0
-695.0
-641.0
-569.0
-479.0
-587.0
-560.0
-497.0
-650.0
-623.0
-614.0
-605.0
-560.0
-443.0
-578.0
-560.0
-605.0
-524.0
-542.0
-524.0
-560.0
-515.0
-560.0
-623.0
-560.0
-407.0
-524.0
-515.0
-560.0
-542.0
-578.0
-578.0
-497.0
-569.0
-425.0
-488.0
-506.0
-551.0
-596.0
-488.0
-560.0
-623.0
-632.0
-479.0
-488.0
-605.0
-461.0
-542.0
-632.0
-587.0
-623.0
-524.0
-560.0
-542.0
-488.0
-416.0
-524.0
-587.0
-695.0
-596.0
-542.0
-533.0
-220.0
-560.0
-623.0
-461.0
-596.0
-488.0
-479.0
-596.0
-488.0
-524.0
-331.0
-632.0
-470.0
-452.0
-551.0
-668.0
-506.0
-578.0
-551.0
-506.0
-425.0
-515.0
-452.0
-551.0
-524.0
-641.0
-524.0
-354.0
-383.0
-515.0
-470.0
-497.0
-461.0
-434.0
-506.0
-497.0
-461.0
-398.0
-452.0
-596.0
-497.0
-524.0
-533.0
-452.0
-479.0
-461.0
-605.0
-506.0
-578.0
-389.0
-524.0
-533.0
-578.0
-578.0
-488.0
-488.0
-470.0
-524.0
-380.0
-398.0
-560.0
-506.0
-587.0
-427.0
-533.0
-461.0
-515.0
-416.0
-524.0
-587.0
-524.0
-542.0
-470.0
-524.0
-380.0
-479.0
-398.0
-488.0
-461.0
-497.0
-380.0
-479.0
-497.0
-488.0
-204.0
-461.0
-470.0
-470.0
-479.0
-416.0
-452.0
-470.0
-479.0
-443.0
-506.0
-325.0
-497.0
-533.0
-443.0
-470.0
-560.0
-506.0
-479.0
-578.0
-452.0
-488.0
-470.0
-470.0
-461.0
-434.0
-362.0
-434.0
-497.0
-443.0
-515.0
-416.0
-497.0
-434.0
-308.0
-515.0
-77.0
-434.0
-389.0
-524.0
-220.0
-425.0
-479.0
-506.0
-425.0
-461.0
-371.0
-488.0
-425.0
-461.0
-452.0
-470.0
-398.0
-398.0
-452.0
-461.0
-434.0
-425.0
-443.0
-353.0
-479.0
-443.0
-452.0
-461.0
-497.0
-434.0
-488.0
-506.0
-434.0
-470.0
-452.0
-461.0
-524.0
-380.0
-398.0
-389.0
-189.0
-407.0
-389.0
-434.0
-443.0
-461.0
-470.0
-389.0
-542.0
-488.0
-407.0
-443.0
-542.0
-425.0
-443.0
-362.0
-461.0
-425.0
-398.0
-416.0
-452.0
-407.0
-407.0
-416.0
-515.0
-398.0
-506.0
-389.0
-335.0
-443.0
-542.0
-389.0
-434.0
-398.0
-497.0
-425.0
-344.0
-389.0
-461.0
-362.0
-362.0
-425.0
-488.0
-497.0
-407.0
-389.0
-425.0
-407.0
-443.0
-488.0
-407.0
-109.0
-434.0
-461.0
-407.0
-322.0
-308.0
-362.0
-326.0
-407.0
-362.0
-407.0
-380.0
-425.0
-443.0
-263.0
-353.0
-452.0
-461.0
-299.0
-470.0
-335.0
-209.0
-389.0
-434.0
-479.0
-461.0
-389.0
-443.0
-362.0
-407.0
-425.0
-380.0
-362.0
-353.0
-353.0
-407.0
-443.0
-371.0
-461.0
-389.0
-371.0
-380.0
-398.0
-371.0
-344.0
-443.0
-416.0
-407.0
-7.0
-398.0
-461.0
-425.0
-389.0
-416.0
-452.0
-380.0
-452.0
-407.0
-380.0
-389.0
-461.0
-416.0
-89.0
-362.0
-389.0
-407.0
-371.0
-353.0
-389.0
-407.0
-221.0
-362.0
-380.0
-326.0
-389.0
-416.0
-407.0
-138.0
-398.0
-407.0
-83.0
-59.0
-371.0
-452.0
-344.0
-150.0
-389.0
-371.0
-84.0
-353.0
-353.0
-362.0
-308.0
-353.0
-326.0
-389.0
-335.0
-262.0
-290.0
-389.0
-443.0
-344.0
-434.0
-371.0
-335.0
-389.0
-353.0
-326.0
-326.0
-425.0
-121.0
-344.0
-353.0
-425.0
-344.0
-362.0
-335.0
-407.0
-362.0
-362.0
-282.0
-326.0
-389.0
-407.0
-398.0
-416.0
-344.0
-398.0
-326.0
-11.0
-371.0
-362.0
-353.0
-380.0
-335.0
-317.0
-371.0
-317.0
-416.0
-353.0
-308.0
-416.0
-371.0
-479.0
-239.0
-371.0
-326.0
-362.0
-344.0
3.0
-335.0
-290.0
-326.0
-389.0
-362.0
-416.0
-326.0
-398.0
-380.0
-407.0
-407.0
-290.0
-353.0
-425.0
-398.0
-398.0
-362.0
-291.0
-344.0
-416.0
-211.0
-308.0
-344.0
-416.0
-207.0
-245.0
-416.0
-290.0
-326.0
-335.0
-335.0
-362.0
-389.0
-416.0
-7.0
-416.0
-371.0
-281.0
-353.0
-452.0
-299.0
-85.0
-344.0
-371.0
-49.0
-344.0
-40.0
-168.0
-33.0
-326.0
-389.0
-281.0
-272.0
-96.0
-107.0
-170.0
-70.0
6.0
-14.0
-33.0
-353.0
-308.0
-173.0
14.0
14.0
5.0
-290.0
-245.0
-344.0
-353.0
-263.0
-290.0
-425.0
-308.0
-326.0
-353.0
-335.0
-308.0
-94.0
-202.0
-98.0
-290.0
-353.0
-290.0
-299.0
-317.0
-198.0
-138.0
-317.0
-172.0
-106.0
-335.0
-84.0
-362.0
-28.0
-353.0
-380.0
-317.0
-241.0
-188.0
-97.0
-299.0
-29.0
-13.0
-233.0
-308.0
-335.0
-362.0
-312.0
-290.0
-299.0
-221.0
-70.0
-344.0
-335.0
-380.0
-290.0
-362.0
-62.0
-33.0
-101.0
-362.0
-191.0
-362.0
-83.0
-254.0
-389.0
-4.0
-181.0
-317.0
-353.0
-335.0
-353.0
-290.0
-281.0
-23.0
-70.0
-344.0
-380.0
-170.0
-29.0
-1.0
-199.0
-353.0
-4.0
-47.0
-132.0
-335.0
-281.0
-70.0
-281.0
-353.0
-11.0
-56.0
-344.0
-125.0
-5.0
-389.0
-362.0
-6.0
-326.0
-362.0
-9.0
-19.0
-281.0
-8.0
-2.0
-98.0
-14.0
-7.0
-83.0
-254.0
-281.0
-18.0
-71.0
-180.0
-281.0
-29.0
-353.0
-290.0
-68.0
-29.0
-308.0
-299.0
-191.0
-93.0
-69.0
-317.0
-263.0
-308.0
-290.0
-163.0
-308.0
-290.0
-317.0
-335.0
-1.0
-299.0
-299.0
-132.0
-326.0
-308.0
-27.0
-281.0
-245.0
-344.0
-108.0
4.0
-299.0
-290.0
-250.0
-290.0
-362.0
-76.0
-161.0
-75.0
-2.0
-299.0
-93.0
-299.0
-335.0
-290.0
1.0
-155.0
-15.0
-326.0
-4.0
-94.0
-326.0
-52.0
-272.0
-14.0
-148.0
-299.0
6.0
-299.0
-317.0
-135.0
6.0
-19.0
-87.0
-34.0
-4.0
6.0
-128.0
9.0
-20.0
-308.0
-299.0
-111.0
-263.0
-99.0
-89.0
-281.0
-281.0
-160.0
13.0
-72.0
3.0
-299.0
-42.0
-23.0
-281.0
-317.0
-217.0
-308.0
-290.0
6.0
-27.0
-27.0
-281.0
5.0
10.0
-84.0
-31.0
-299.0
-111.0
-56.0
-299.0
-143.0
-133.0
-308.0
-23.0
-299.0
-116.0
-326.0
-10.0
-281.0
-8.0
-281.0
-227.0
-57.0
-245.0
-111.0
-191.0
-158.0
-245.0
-103.0
-326.0
-23.0
-80.0
-33.0
-254.0
-263.0
-317.0
-98.0
-74.0
-290.0
-227.0
-27.0
-227.0
-236.0
-281.0
10.0
-371.0
-326.0
-227.0
-326.0
-263.0
-3.0
-233.0
-281.0
-102.0
9.0
-281.0
-254.0
-245.0
-9.0
-227.0
-200.0
-281.0
-290.0
-254.0
-335.0
-216.0
-254.0
-29.0
-281.0
-176.0
-36.0
-299.0
-245.0
-272.0
-263.0
-17.0
-89.0
-12.0
-11.0
-299.0
-272.0
-281.0
-229.0
-176.0
-12.0
-37.0
-254.0
-9.0
-8.0
-28.0
-299.0
-14.0
-263.0
-73.0
-16.0
2.0
-33.0
-290.0
13.0
-178.0
-317.0
-19.0
-30.0
-263.0
-2.0
10.0
-308.0
-245.0
-317.0
-27.0
-326.0
8.0
-272.0
-254.0
-236.0
-263.0
-281.0
-6.0
-72.0
-236.0
-89.0
9.0
8.0
-2.0
-281.0
-272.0
-145.0
-15.0
-245.0
5.0
8.0
3.0
-4.0
-4.0
-42.0
-26.0
-2.0
-7.0
-98.0
1.0
-290.0
-245.0
-6.0
7.0
9.0
-14.0
-6.0
-1.0
-78.0
8.0
11.0
1.0
5.0
10.0
11.0
-290.0
9.0
-17.0
-290.0
-227.0
6.0
3.0
4.0
0.0
7.0
8.0
-28.0
9.0
6.0
-32.0
-222.0
-118.0
-56.0
-183.0
12.0
-29.0
9.0
-136.0
-2.0
-2.0
9.0
-11.0
10.0
9.0
-17.0
9.0
-1.0
11.0
-281.0
-25.0
-24.0
12.0
11.0
6.0
-6.0
10.0
-245.0
7.0
-7.0
-35.0
-317.0
-70.0
10.0
-47.0
3.0
-2.0
6.0
3.0
13.0
-25.0
10.0
-1.0
3.0
10.0
-77.0
-6.0
-1.0
-42.0
-90.0
-254.0
-1.0
5.0
3.0
-15.0
-6.0
9.0
-57.0
2.0
-8.0
-119.0
-272.0
8.0
-2.0
1.0
-53.0
-2.0
-1.0
5.0
1.0
-16.0
-87.0
-40.0
-263.0
-20.0
1.0
15.0
10.0
-236.0
-30.0
-290.0
-31.0
15.0
3.0
-137.0
14.0
9.0
5.0
-23.0
-38.0
8.0
-152.0
-209.0
7.0
-12.0
-43.0
5.0
-7.0
-106.0
8.0
3.0
9.0
-10.0
-7.0
-83.0
-30.0
-236.0
6.0
8.0
10.0
10.0
3.0
-13.0
4.0
9.0
-42.0
8.0
7.0
-2.0
-17.0
-245.0
0.0
-5.0
7.0
-272.0
-35.0
-39.0
10.0
11.0
-22.0
-194.0
0.0
-25.0
11.0
6.0
-156.0
-15.0
-263.0
-55.0
-4.0
-281.0
-1.0
6.0
-12.0
8.0
-254.0
-29.0
-28.0
-236.0
-61.0
-38.0
-41.0
-73.0
-281.0
7.0
-6.0
-2.0
-5.0
-123.0
-103.0
-67.0
-13.0
13.0
-227.0
-263.0
-5.0
-2.0
-3.0
-14.0
-75.0
-79.0
9.0
-23.0
-254.0
-57.0
-17.0
-4.0
-60.0
-272.0
6.0
4.0
9.0
9.0
10.0
3.0
4.0
8.0
-281.0
-160.0
11.0
-254.0
0.0
7.0
7.0
2.0
4.0
-245.0
3.0
3.0
-121.0
-2.0
-56.0
8.0
-245.0
-12.0
12.0
10.0
-272.0
-11.0
-9.0
10.0
-209.0
-5.0
3.0
-1.0
0.0
-263.0
-218.0
8.0
-218.0
-62.0
-21.0
2.0
-9.0
3.0
5.0
-13.0
8.0
1.0
-209.0
9.0
3.0
-18.0
10.0
3.0
-24.0
10.0
8.0
6.0
-8.0
-236.0
-38.0
4.0
-43.0
-2.0
10.0
-2.0
9.0
8.0
-9.0
-1.0
-181.0
-179.0
12.0
-14.0
-209.0
-6.0
10.0
7.0
-6.0
10.0
2.0
11.0
-130.0
-3.0
-272.0
13.0
-20.0
4.0
4.0
-40.0
-9.0
1.0
7.0
-4.0
6.0
8.0
-7.0
7.0
-79.0
7.0
-47.0
-209.0
8.0
7.0
8.0
11.0
-254.0
10.0
-23.0
-23.0
-140.0
1.0
-180.0
-1.0
0.0
-53.0
4.0
-71.0
-2.0
-8.0
-236.0
6.0
-5.0
9.0
-6.0
-227.0
6.0
-6.0
11.0
6.0
-16.0
10.0
1.0
5.0
4.0
10.0
11.0
-8.0
-245.0
-272.0
-228.0
-83.0
-11.0
-5.0
9.0
2.0
8.0
-5.0
11.0
4.0
-120.0
6.0
-3.0
8.0
-1.0
-245.0
7.0
7.0
-112.0
-218.0
6.0
8.0
4.0
-17.0
0.0
10.0
-16.0
7.0
9.0
7.0
-1.0
5.0
-43.0
11.0
-83.0
4.0
4.0
-143.0
-13.0
3.0
11.0
10.0
-12.0
-30.0
7.0
-2.0
11.0
6.0
6.0
13.0
10.0
-4.0
-100.0
-129.0
-1.0
3.0
-15.0
-191.0
10.0
-24.0
-62.0
-6.0
8.0
7.0
8.0
3.0
6.0
12.0
-92.0
5.0
6.0
12.0
0.0
9.0
9.0
-1.0
3.0
-10.0
8.0
7.0
6.0
10.0
9.0
-3.0
12.0
7.0
6.0
6.0
13.0
9.0
7.0
7.0
5.0
3.0
11.0
11.0
9.0
6.0
6.0
-7.0
4.0
-11.0
6.0
8.0
9.0
-54.0
14.0
5.0
8.0
7.0
9.0
-5.0
6.0
-3.0
11.0
9.0
10.0
8.0
10.0
-12.0
8.0
7.0
9.0
15.0
4.0
9.0
11.0
9.0
-218.0
5.0
9.0
8.0
-18.0
9.0
-4.0
9.0
12.0
9.0
5.0
8.0
5.0
8.0
7.0
11.0
12.0
-4.0
10.0
-10.0
8.0
-227.0
8.0
9.0
10.0
6.0
-5.0
5.0
-155.0
7.0
15.0
8.0
-3.0
12.0
-17.0
12.0
-8.0
9.0
6.0
8.0
-263.0
4.0
5.0
4.0
7.0
1.0
3.0
1.0
1.0
7.0
7.0
9.0
-1.0
12.0
7.0
-25.0
2.0
5.0
8.0
9.0
-5.0
6.0
7.0
5.0
-1.0
11.0
4.0
10.0
4.0
9.0
7.0
4.0
0.0
6.0
12.0
11.0
-2.0
7.0
11.0
-77.0
7.0
14.0
6.0
7.0
9.0
-5.0
7.0
-7.0
5.0
9.0
3.0
9.0
7.0
5.0
-6.0
7.0
10.0
10.0
15.0
10.0
6.0
13.0
8.0
7.0
-6.0
6.0
7.0
11.0
8.0
10.0
7.0
6.0
4.0
11.0
10.0
-1.0
4.0
12.0
9.0
10.0
9.0
3.0
-4.0
7.0
8.0
10.0
9.0
0.0
11.0
1.0
9.0
11.0
12.0
4.0
6.0
-5.0
12.0
3.0
10.0
12.0
11.0
4.0
9.0
7.0
-9.0
9.0
9.0
13.0
-3.0
7.0
7.0
10.0
1.0
8.0
4.0
5.0
7.0
12.0
5.0
9.0
2.0
10.0
10.0
-111.0
6.0
4.0
9.0
5.0
6.0
-1.0
-8.0
7.0
11.0
9.0
5.0
0.0
0.0
5.0
0.0
8.0
9.0
-2.0
9.0
7.0
11.0
10.0
-1.0
4.0
2.0
11.0
8.0
5.0
7.0
8.0
10.0
-8.0
6.0
6.0
13.0
-4.0
-4.0
12.0
8.0
6.0
10.0
9.0
8.0
10.0
-6.0
11.0
9.0
11.0
9.0
0.0
-147.0
7.0
4.0
3.0
5.0
3.0
6.0
8.0
4.0
9.0
-46.0
8.0
10.0
-1.0
-5.0
8.0
6.0
11.0
4.0
4.0
5.0
8.0
8.0
14.0
6.0
10.0
9.0
-5.0
8.0
5.0
10.0
14.0
10.0
0.0
7.0
-81.0
2.0
6.0
4.0
-4.0
9.0
9.0
-2.0
9.0
8.0
6.0
10.0
14.0
7.0
10.0
11.0
7.0
3.0
4.0
10.0
9.0
-27.0
5.0
7.0
-54.0
9.0
6.0
6.0
7.0
3.0
8.0
7.0
3.0
8.0
7.0
7.0
-5.0
5.0
9.0
13.0
7.0
12.0
11.0
10.0
4.0
7.0
10.0
10.0
4.0
11.0
6.0
8.0
8.0
-20.0
9.0
10.0
10.0
12.0
5.0
4.0
-1.0
9.0
9.0
7.0
-2.0
2.0
9.0
11.0
11.0
8.0
11.0
5.0
5.0
8.0
12.0
10.0
11.0
4.0
9.0
4.0
6.0
10.0
7.0
4.0
9.0
9.0
5.0
10.0
5.0
6.0
4.0
8.0
4.0
10.0
10.0
9.0
4.0
5.0
11.0
5.0
3.0
11.0
-3.0
11.0
9.0
-5.0
6.0
5.0
8.0
7.0
14.0
6.0
7.0
5.0
12.0
6.0
-3.0
11.0
8.0
0.0
11.0
8.0
-5.0
2.0
7.0
11.0
11.0
4.0
7.0
11.0
8.0
8.0
9.0
9.0
11.0
10.0
7.0
10.0
6.0
8.0
-4.0
10.0
6.0
4.0
6.0
4.0
7.0
5.0
12.0
12.0
7.0
4.0
12.0
7.0
4.0
12.0
11.0
12.0
8.0
5.0
6.0
11.0
7.0
9.0
2.0
6.0
9.0
9.0
12.0
0.0
9.0
6.0
5.0
0.0
4.0
-4.0
8.0
9.0
5.0
11.0
11.0
7.0
5.0
12.0
8.0
14.0
9.0
3.0
13.0
6.0
-2.0
9.0
7.0
11.0
8.0
8.0
-1.0
3.0
8.0
7.0
4.0
-5.0
11.0
4.0
11.0
-5.0
9.0
10.0
9.0
5.0
13.0
4.0
8.0
8.0
8.0
11.0
7.0
-5.0
8.0
13.0
5.0
7.0
7.0
7.0
-1.0
10.0
7.0
4.0
5.0
11.0
7.0
8.0
5.0
-2.0
7.0
8.0
9.0
6.0
8.0
5.0
5.0
7.0
13.0
6.0
4.0
4.0
7.0
8.0
7.0
3.0
10.0
6.0
6.0
6.0
4.0
9.0
7.0
8.0
8.0
7.0
9.0
6.0
-5.0
-4.0
7.0
5.0
6.0
12.0
3.0
4.0
6.0
10.0
5.0
9.0
9.0
5.0
5.0
11.0
7.0
2.0
6.0
6.0
7.0
8.0
9.0
7.0
9.0
8.0
7.0
12.0
11.0
7.0
9.0
-1.0
7.0
12.0
4.0
5.0
5.0
10.0
3.0
6.0
-125.0
7.0
4.0
10.0
11.0
11.0
5.0
3.0
6.0
7.0
6.0
8.0
12.0
12.0
5.0
8.0
7.0
7.0
13.0
-3.0
6.0
12.0
8.0
6.0
5.0
5.0
10.0
7.0
8.0
6.0
4.0
8.0
6.0
9.0
8.0
10.0
6.0
9.0
4.0
-17.0
9.0
5.0
4.0
9.0
9.0
9.0
8.0
8.0
5.0
10.0
10.0
8.0
8.0
7.0
2.0
10.0
7.0
14.0
8.0
7.0
5.0
7.0
9.0
7.0
12.0
5.0
-5.0
3.0
9.0
5.0
4.0
8.0
9.0
14.0
10.0
6.0
5.0
11.0
4.0
4.0
7.0
10.0
7.0
7.0
9.0
9.0
9.0
7.0
11.0
5.0
10.0
10.0
7.0
-5.0
6.0
7.0
9.0
8.0
6.0
7.0
12.0
8.0
11.0
5.0
5.0
10.0
10.0
10.0
9.0
7.0
9.0
10.0
8.0
15.0
10.0
8.0
7.0
12.0
12.0
12.0
8.0
8.0
7.0
8.0
9.0
7.0
7.0
9.0
14.0
5.0
10.0
8.0
6.0
7.0
12.0
6.0
8.0
8.0
6.0
8.0
7.0
1.0
6.0
5.0
4.0
14.0
8.0
10.0
5.0
-2.0
9.0
8.0
6.0
8.0
11.0
9.0
7.0
3.0
5.0
6.0
5.0
7.0
8.0
5.0
7.0
9.0
10.0
9.0
7.0
5.0
12.0
8.0
7.0
3.0
6.0
5.0
5.0
5.0
6.0
5.0
-11.0
7.0
7.0
10.0
4.0
-5.0
2.0
5.0
4.0
3.0
9.0
8.0
8.0
12.0
9.0
8.0
8.0
6.0
5.0
2.0
9.0
8.0
7.0
8.0
6.0
7.0
11.0
7.0
10.0
6.0
8.0
4.0
6.0
9.0
5.0
7.0
9.0
7.0
10.0
7.0
5.0
5.0
8.0
11.0
5.0
4.0
9.0
6.0
7.0
9.0
10.0
4.0
7.0
11.0
9.0
6.0
-2.0
5.0
6.0
11.0
11.0
9.0
3.0
3.0
10.0
6.0
13.0
7.0
8.0
7.0
8.0
14.0
10.0
1.0
8.0
7.0
5.0
11.0
8.0
6.0
8.0
7.0
8.0
9.0
9.0
14.0
-3.0
8.0
9.0
9.0
10.0
9.0
9.0
5.0
10.0
11.0
6.0
11.0
9.0
9.0
1.0
7.0
9.0
5.0
10.0
5.0
-3.0
6.0
-4.0
9.0
8.0
4.0
6.0
7.0
8.0
10.0
7.0
12.0
10.0
8.0
8.0
8.0
8.0
9.0
11.0
9.0
13.0
7.0
5.0
11.0
4.0
8.0
12.0
5.0
12.0
6.0
8.0
11.0
11.0
-2.0
10.0
8.0
6.0
7.0
6.0
6.0
7.0
5.0
11.0
12.0
8.0
8.0
9.0
9.0
6.0
6.0
10.0
11.0
7.0
9.0
12.0
8.0
9.0
6.0
9.0
5.0
10.0
13.0
9.0
8.0
5.0
6.0
3.0
6.0
5.0
7.0
5.0
9.0
6.0
7.0
12.0
7.0
8.0
6.0
10.0
7.0
7.0
3.0
8.0
7.0
9.0
9.0
10.0
9.0
13.0
10.0
12.0
4.0
3.0
14.0
6.0
6.0
9.0
9.0
10.0
8.0
8.0
8.0
4.0
8.0
9.0
5.0
3.0
8.0
10.0
5.0
6.0
9.0
6.0
11.0
11.0
8.0
5.0
6.0
6.0
8.0
10.0
8.0
1.0
8.0
7.0
11.0
10.0
9.0
14.0
4.0
11.0
7.0
6.0
9.0
8.0
7.0
8.0
7.0
5.0
13.0
6.0
7.0
9.0
7.0
6.0
6.0
8.0
9.0
8.0
10.0
5.0
5.0
12.0
5.0
11.0
9.0
7.0
6.0
9.0
8.0
8.0
4.0
8.0
7.0
7.0
9.0
10.0
7.0
11.0
11.0
6.0
4.0
4.0
7.0
6.0
13.0
10.0
9.0
5.0
7.0
8.0
12.0
10.0
10.0
6.0
9.0
6.0
8.0
5.0
6.0
4.0
9.0
4.0
7.0
10.0
11.0
11.0
11.0
8.0
4.0
6.0
7.0
7.0
15.0
8.0
8.0
3.0
7.0
7.0
6.0
4.0
10.0
10.0
9.0
10.0
5.0
9.0
6.0
8.0
7.0
10.0
4.0
14.0
7.0
7.0
10.0
9.0
9.0
9.0
8.0
8.0
8.0
13.0
14.0
11.0
5.0
10.0
6.0
8.0
