-767.0
-722.0
-839.0
-776.0
-821.0
-713.0
-884.0
-785.0
-866.0
-713.0
-740.0
-893.0
-686.0
-803.0
-803.0
-749.0
-812.0
-839.0
-884.0
-767.0
-911.0
-767.0
-319.0
-884.0
-830.0
-650.0
-911.0
-911.0
-848.0
-839.0
-830.0
-464.0
-848.0
-803.0
-911.0
-938.0
-1010.0
-902.0
-785.0
-487.0
-938.0
-794.0
-812.0
-848.0
-821.0
-740.0
-740.0
-758.0
-668.0
-686.0
-758.0
-812.0
-821.0
-794.0
-875.0
-812.0
-686.0
-749.0
-722.0
-776.0
-713.0
-821.0
-686.0
-505.0
-803.0
-803.0
-749.0
-722.0
-641.0
-668.0
-695.0
-632.0
-866.0
-623.0
-641.0
-830.0
-641.0
-686.0
-668.0
-704.0
-641.0
-686.0
-731.0
-758.0
-650.0
-605.0
-551.0
-713.0
-569.0
-749.0
-596.0
-668.0
-704.0
-632.0
-713.0
-659.0
-731.0
-650.0
-632.0
-776.0
-641.0
-677.0
-704.0
-776.0
-713.0
-695.0
-668.0
-623.0
-731.0
-686.0
-686.0
-686.0
-650.0
-569.0
-740.0
-614.0
-695.0
-623.0
-686.0
-614.0
-632.0
-614.0
-587.0
-614.0
-339.0
-632.0
-587.0
-623.0
-632.0
-605.0
-677.0
-614.0
-659.0
-560.0
12.0
-578.0
-641.0
-641.0
-677.0
-587.0
-578.0
-542.0
-632.0
-659.0
-668.0
-659.0
-641.0
-713.0
-569.0
-641.0
-614.0
-605.0
-560.0
-623.0
-632.0
-668.0
-659.0
-659.0
-641.0
-578.0
-578.0
-650.0
-623.0
-605.0
-650.0
-641.0
-641.0
-632.0
-695.0
-596.0
-497.0
-470.0
-632.0
-623.0
-695.0
-587.0
-632.0
-461.0
-614.0
-596.0
-560.0
-533.0
-614.0
-641.0
-533.0
-524.0
-695.0
-650.0
-578.0
-686.0
-560.0
-677.0
-569.0
-605.0
-138.0
-650.0
-623.0
-551.0
-578.0
-578.0
-614.0
-506.0
-614.0
-524.0
-578.0
-506.0
-749.0
-659.0
-533.0
-587.0
-632.0
-596.0
-497.0
-659.0
-560.0
-596.0
-551.0
-623.0
-560.0
-659.0
-569.0
-515.0
-560.0
-587.0
-479.0
-542.0
-632.0
-560.0
-587.0
-596.0
-587.0
-632.0
-569.0
-542.0
-560.0
-506.0
-470.0
-533.0
-605.0
-623.0
-456.0
-452.0
-587.0
-407.0
-551.0
-542.0
-668.0
-470.0
-533.0
-443.0
-551.0
-596.0
-497.0
-488.0
-542.0
-605.0
-506.0
-470.0
-533.0
-497.0
-524.0
-542.0
-533.0
-605.0
-506.0
-479.0
-398.0
-524.0
-704.0
-497.0
-515.0
-542.0
-533.0
-605.0
-506.0
-524.0
-578.0
-488.0
-506.0
-199.0
-524.0
-479.0
-569.0
-542.0
-542.0
-443.0
-515.0
-551.0
-605.0
-488.0
-506.0
-497.0
-578.0
-560.0
-506.0
-452.0
-560.0
-569.0
-524.0
-533.0
-569.0
-542.0
-208.0
-506.0
-405.0
-569.0
-497.0
-461.0
-515.0
-425.0
-479.0
-659.0
-515.0
-560.0
-596.0
-506.0
-434.0
-434.0
-425.0
-434.0
-524.0
-506.0
-434.0
-569.0
-497.0
-407.0
-587.0
-596.0
-461.0
-434.0
-479.0
-461.0
-452.0
-479.0
-551.0
-533.0
-551.0
-515.0
-515.0
-497.0
-551.0
-533.0
-462.0
-371.0
-479.0
-461.0
-452.0
-479.0
-425.0
-497.0
-416.0
-470.0
-578.0
-470.0
-307.0
-524.0
-425.0
-524.0
-362.0
-452.0
-461.0
-416.0
-461.0
-198.0
-452.0
-461.0
-443.0
-389.0
-452.0
-542.0
-267.0
-497.0
-452.0
-479.0
-407.0
-461.0
-353.0
-488.0
-425.0
-560.0
-380.0
-506.0
-443.0
-479.0
-362.0
-353.0
-416.0
-470.0
-389.0
-77.0
-416.0
-149.0
-470.0
-515.0
-632.0
-452.0
-353.0
-403.0
-125.0
-461.0
-280.0
-461.0
-533.0
-452.0
-551.0
-497.0
-434.0
-452.0
-425.0
-503.0
-9.0
-470.0
-443.0
-313.0
-407.0
-470.0
-461.0
-452.0
-335.0
-227.0
-407.0
-488.0
-425.0
-443.0
-506.0
-425.0
-416.0
-362.0
-497.0
-380.0
-452.0
-551.0
-434.0
-407.0
-470.0
-389.0
-362.0
-380.0
-470.0
-407.0
-488.0
-443.0
-515.0
-407.0
-425.0
-335.0
-353.0
-425.0
-443.0
-361.0
-452.0
-353.0
-371.0
-407.0
-407.0
-443.0
-362.0
-686.0
-407.0
-380.0
-380.0
-515.0
-398.0
-452.0
-389.0
-434.0
-497.0
-362.0
-398.0
-425.0
-461.0
-407.0
-470.0
-407.0
-443.0
-470.0
-515.0
-461.0
-425.0
-443.0
-335.0
-407.0
-299.0
-394.0
-506.0
-326.0
-461.0
-425.0
-479.0
-380.0
-515.0
-371.0
-479.0
-425.0
-461.0
-362.0
-103.0
-150.0
-407.0
-461.0
-353.0
-223.0
-371.0
-389.0
-100.0
-470.0
-371.0
-1.0
-362.0
-407.0
-299.0
-470.0
-443.0
-380.0
-380.0
-416.0
-434.0
-196.0
-353.0
-335.0
-371.0
-443.0
-398.0
-407.0
-425.0
-398.0
-308.0
-380.0
-488.0
-416.0
-416.0
-407.0
-371.0
-371.0
-416.0
-380.0
-398.0
-380.0
-308.0
-335.0
-407.0
-416.0
-281.0
-317.0
-425.0
-398.0
-353.0
-407.0
-398.0
-389.0
-452.0
-371.0
-389.0
-398.0
-443.0
-434.0
-416.0
-371.0
-362.0
-443.0
-551.0
-407.0
-353.0
-353.0
-416.0
-290.0
-416.0
-380.0
-398.0
-335.0
-398.0
-389.0
-389.0
-389.0
-407.0
-335.0
-308.0
-3.0
-407.0
-443.0
-470.0
-380.0
-371.0
-362.0
-434.0
-371.0
-344.0
-344.0
-393.0
-290.0
-407.0
-407.0
-416.0
-416.0
-362.0
-416.0
-380.0
-326.0
-443.0
-362.0
-398.0
-344.0
-398.0
-398.0
-389.0
-380.0
-434.0
-470.0
-353.0
-542.0
-344.0
-344.0
-389.0
-371.0
-299.0
-353.0
-425.0
-371.0
-389.0
-136.0
-362.0
-380.0
-344.0
-326.0
-389.0
-371.0
-290.0
-389.0
-407.0
-416.0
-452.0
-353.0
-434.0
-434.0
-362.0
-371.0
-416.0
-335.0
-326.0
-353.0
-326.0
-344.0
-425.0
-344.0
-443.0
-362.0
-299.0
-353.0
-380.0
-335.0
-443.0
-344.0
-290.0
-389.0
-398.0
-389.0
-371.0
-344.0
-371.0
-326.0
-335.0
-281.0
-362.0
-299.0
-326.0
-371.0
-416.0
-272.0
-308.0
-326.0
-416.0
-362.0
-299.0
-353.0
-245.0
-443.0
-353.0
-308.0
-380.0
-407.0
-380.0
-281.0
-353.0
-308.0
-290.0
-380.0
-299.0
-371.0
-308.0
-317.0
-272.0
-317.0
-308.0
-317.0
-353.0
-326.0
-353.0
-308.0
-380.0
-299.0
-380.0
-317.0
-371.0
-389.0
-416.0
-362.0
-371.0
-362.0
-281.0
-380.0
-299.0
-281.0
-317.0
-353.0
-317.0
-335.0
-317.0
-353.0
-380.0
-335.0
-290.0
-344.0
-344.0
-290.0
-353.0
-416.0
-272.0
-245.0
-389.0
-335.0
-398.0
-335.0
-290.0
-326.0
-389.0
-362.0
-263.0
-371.0
-335.0
-353.0
-326.0
-299.0
-317.0
-353.0
-362.0
-362.0
-127.0
11.0
-61.0
-317.0
-69.0
-43.0
-290.0
-380.0
-398.0
-117.0
-17.0
-290.0
-189.0
-290.0
-308.0
-154.0
-308.0
-344.0
-344.0
-299.0
-290.0
-335.0
-193.0
-270.0
-398.0
-30.0
-344.0
-75.0
-326.0
-335.0
-335.0
-150.0
-177.0
-380.0
-67.0
-326.0
-248.0
-353.0
-371.0
-99.0
-272.0
-371.0
-20.0
-15.0
10.0
-214.0
-22.0
-281.0
-326.0
-299.0
-226.0
-14.0
-317.0
-317.0
-371.0
-281.0
-353.0
1.0
-3.0
-281.0
-299.0
-217.0
-299.0
-62.0
-281.0
-344.0
-335.0
-299.0
-263.0
12.0
-317.0
-25.0
-317.0
-308.0
-299.0
-24.0
-72.0
-23.0
-362.0
-279.0
-10.0
-317.0
-281.0
-299.0
-15.0
-308.0
-159.0
-263.0
-326.0
-248.0
-326.0
-317.0
-227.0
-362.0
-281.0
-6.0
-21.0
-148.0
-344.0
-335.0
-344.0
-38.0
-344.0
-299.0
-290.0
-46.0
-245.0
-290.0
-86.0
-335.0
-143.0
-248.0
-20.0
-34.0
-13.0
-299.0
-290.0
2.0
-43.0
-326.0
-7.0
-353.0
-335.0
-68.0
-31.0
0.0
1.0
-6.0
10.0
-163.0
-73.0
-107.0
9.0
-55.0
-45.0
-317.0
-42.0
-15.0
-3.0
10.0
6.0
3.0
-12.0
-174.0
0.0
-317.0
-281.0
-371.0
-90.0
11.0
-109.0
-97.0
-30.0
-126.0
-3.0
5.0
-113.0
-326.0
-250.0
-9.0
-26.0
-30.0
-4.0
-353.0
14.0
15.0
-6.0
-19.0
-157.0
-122.0
-97.0
-1.0
7.0
-7.0
-10.0
-17.0
-16.0
6.0
-12.0
10.0
-335.0
-326.0
8.0
6.0
-63.0
7.0
10.0
4.0
-108.0
-8.0
-2.0
-5.0
1.0
-13.0
-8.0
-62.0
-117.0
-120.0
11.0
-56.0
-4.0
5.0
14.0
-51.0
-9.0
-18.0
6.0
-8.0
-263.0
-61.0
-2.0
13.0
-30.0
2.0
-22.0
-335.0
-121.0
-46.0
-229.0
-54.0
-2.0
-14.0
12.0
-4.0
11.0
-195.0
-124.0
-73.0
-299.0
3.0
-20.0
-74.0
-326.0
-152.0
-9.0
-24.0
-12.0
-261.0
-57.0
-154.0
-111.0
-163.0
-137.0
-222.0
4.0
5.0
-140.0
-326.0
-127.0
-35.0
-100.0
-200.0
1.0
-398.0
-157.0
-32.0
-335.0
6.0
-42.0
-8.0
-8.0
-19.0
-3.0
-55.0
-131.0
-13.0
-176.0
13.0
-2.0
-24.0
-165.0
-72.0
-96.0
-290.0
-46.0
-8.0
0.0
-3.0
-37.0
-6.0
-47.0
3.0
6.0
5.0
-1.0
-317.0
10.0
-15.0
2.0
11.0
8.0
-7.0
-184.0
-2.0
-4.0
-34.0
-50.0
7.0
-46.0
-27.0
10.0
-125.0
8.0
-14.0
12.0
-24.0
-10.0
-236.0
8.0
-17.0
-15.0
-47.0
-46.0
-3.0
-16.0
3.0
10.0
-1.0
9.0
-12.0
2.0
14.0
3.0
0.0
-29.0
-11.0
-4.0
-335.0
7.0
7.0
14.0
3.0
-5.0
-3.0
-21.0
4.0
10.0
-110.0
-52.0
4.0
5.0
5.0
5.0
-3.0
5.0
-41.0
-10.0
-188.0
-9.0
-1.0
-9.0
-3.0
4.0
-4.0
-5.0
-8.0
-32.0
8.0
0.0
-180.0
-6.0
-2.0
-15.0
-15.0
3.0
0.0
-4.0
7.0
8.0
-77.0
10.0
-274.0
-8.0
6.0
-7.0
-14.0
-3.0
-13.0
-20.0
-1.0
-58.0
-26.0
5.0
-15.0
-3.0
4.0
-4.0
12.0
-15.0
-50.0
-6.0
5.0
-6.0
1.0
0.0
4.0
-4.0
-12.0
-20.0
5.0
7.0
-4.0
0.0
-6.0
11.0
12.0
5.0
1.0
-31.0
-9.0
14.0
1.0
-75.0
-69.0
-23.0
0.0
0.0
-2.0
12.0
0.0
-104.0
9.0
-24.0
2.0
-2.0
-4.0
-11.0
-3.0
4.0
-30.0
-34.0
-67.0
9.0
-25.0
-6.0
-5.0
5.0
-7.0
-2.0
-5.0
-1.0
-36.0
-7.0
-299.0
8.0
-12.0
-23.0
-317.0
2.0
11.0
-23.0
-4.0
-3.0
-299.0
-7.0
8.0
6.0
-272.0
9.0
-317.0
11.0
-27.0
-362.0
-58.0
8.0
4.0
-11.0
3.0
7.0
6.0
-4.0
13.0
2.0
-29.0
-1.0
-2.0
3.0
7.0
10.0
-4.0
5.0
6.0
10.0
5.0
2.0
-18.0
-254.0
-1.0
0.0
10.0
12.0
2.0
7.0
6.0
-6.0
-7.0
9.0
-15.0
3.0
-13.0
-290.0
-30.0
7.0
-3.0
-21.0
-14.0
3.0
-15.0
-5.0
-32.0
10.0
-1.0
9.0
2.0
5.0
-52.0
-7.0
-2.0
-40.0
-43.0
-43.0
0.0
-22.0
1.0
5.0
-12.0
8.0
-8.0
11.0
-58.0
4.0
5.0
6.0
-9.0
-6.0
12.0
9.0
6.0
12.0
5.0
-290.0
-4.0
-65.0
9.0
-13.0
-6.0
-281.0
6.0
9.0
11.0
-4.0
9.0
13.0
2.0
-18.0
4.0
-290.0
-5.0
-16.0
-11.0
-8.0
-308.0
-29.0
-13.0
7.0
-15.0
-9.0
-281.0
9.0
-17.0
6.0
0.0
-254.0
11.0
-10.0
-3.0
-16.0
9.0
6.0
6.0
12.0
-16.0
12.0
8.0
-4.0
-9.0
-111.0
0.0
-17.0
9.0
2.0
8.0
-15.0
7.0
3.0
-4.0
-14.0
-14.0
5.0
5.0
8.0
-10.0
9.0
10.0
1.0
0.0
6.0
-4.0
2.0
-46.0
-5.0
-3.0
-11.0
6.0
-3.0
-1.0
-9.0
1.0
5.0
-6.0
-3.0
6.0
9.0
10.0
0.0
-28.0
-5.0
9.0
0.0
-2.0
0.0
-22.0
-16.0
11.0
-6.0
-20.0
2.0
8.0
3.0
-15.0
-1.0
3.0
-12.0
9.0
13.0
6.0
-20.0
7.0
8.0
-4.0
-14.0
-15.0
8.0
-3.0
2.0
-2.0
8.0
4.0
8.0
10.0
-28.0
-9.0
-2.0
5.0
-13.0
-19.0
-3.0
7.0
-1.0
8.0
2.0
11.0
-82.0
12.0
-8.0
11.0
-19.0
8.0
13.0
-5.0
0.0
-7.0
-17.0
-22.0
9.0
-6.0
4.0
-5.0
-199.0
-2.0
-20.0
-26.0
-4.0
2.0
-20.0
12.0
7.0
8.0
-32.0
-9.0
9.0
-6.0
4.0
-10.0
7.0
-35.0
1.0
4.0
-4.0
5.0
-2.0
-6.0
6.0
-21.0
-21.0
11.0
-210.0
-76.0
-15.0
6.0
9.0
-85.0
-2.0
-5.0
4.0
-49.0
-7.0
-35.0
7.0
3.0
5.0
8.0
-26.0
9.0
9.0
9.0
-17.0
13.0
-1.0
4.0
9.0
-8.0
8.0
5.0
-24.0
6.0
8.0
2.0
-5.0
9.0
-3.0
8.0
3.0
8.0
11.0
-6.0
-6.0
-3.0
4.0
12.0
-13.0
4.0
-22.0
-26.0
-3.0
7.0
-97.0
3.0
6.0
-46.0
-13.0
-9.0
5.0
6.0
-3.0
5.0
-47.0
1.0
-14.0
-7.0
11.0
4.0
0.0
1.0
4.0
12.0
-289.0
-13.0
-6.0
-5.0
11.0
-6.0
1.0
4.0
-4.0
4.0
-1.0
-5.0
-20.0
-21.0
8.0
10.0
-9.0
6.0
5.0
-4.0
-46.0
-4.0
-2.0
-6.0
-2.0
-6.0
10.0
-18.0
12.0
-4.0
1.0
5.0
11.0
7.0
11.0
-15.0
6.0
9.0
-11.0
13.0
8.0
0.0
-5.0
6.0
7.0
-18.0
9.0
-6.0
9.0
4.0
-6.0
-4.0
6.0
-30.0
-5.0
3.0
-4.0
8.0
8.0
4.0
14.0
7.0
13.0
2.0
2.0
-4.0
-6.0
5.0
1.0
3.0
0.0
4.0
10.0
3.0
9.0
7.0
-46.0
-4.0
-5.0
4.0
-40.0
-9.0
8.0
3.0
-19.0
12.0
9.0
6.0
-1.0
4.0
-20.0
-5.0
3.0
10.0
-9.0
10.0
10.0
-6.0
-14.0
-4.0
-5.0
8.0
10.0
-8.0
8.0
4.0
8.0
10.0
-2.0
-9.0
11.0
-2.0
-13.0
-13.0
10.0
-14.0
-6.0
-3.0
-4.0
8.0
8.0
-2.0
1.0
7.0
-10.0
-9.0
-9.0
5.0
-11.0
-16.0
-3.0
-6.0
6.0
-42.0
10.0
6.0
2.0
9.0
3.0
2.0
0.0
6.0
-30.0
-8.0
-5.0
1.0
8.0
-2.0
6.0
6.0
-12.0
2.0
-12.0
10.0
7.0
-11.0
-1.0
6.0
-21.0
-12.0
-67.0
-1.0
6.0
3.0
1.0
7.0
15.0
9.0
-6.0
-16.0
-14.0
3.0
-1.0
-5.0
9.0
9.0
-78.0
-20.0
2.0
2.0
10.0
-2.0
6.0
10.0
1.0
-3.0
-5.0
-16.0
-14.0
3.0
-2.0
0.0
-5.0
-7.0
10.0
10.0
-4.0
13.0
0.0
-22.0
-3.0
5.0
-5.0
5.0
3.0
3.0
-23.0
-14.0
7.0
-27.0
-27.0
11.0
-7.0
13.0
-10.0
-1.0
0.0
0.0
2.0
-14.0
11.0
-54.0
5.0
4.0
-16.0
13.0
10.0
-22.0
-15.0
-4.0
10.0
-2.0
5.0
2.0
-5.0
-7.0
-19.0
-2.0
-30.0
0.0
7.0
7.0
-7.0
-37.0
-5.0
5.0
7.0
11.0
7.0
9.0
5.0
-6.0
-17.0
-13.0
-2.0
10.0
-20.0
10.0
-5.0
3.0
-17.0
-15.0
-5.0
-36.0
-8.0
-6.0
12.0
-16.0
-7.0
6.0
6.0
13.0
-15.0
-3.0
-19.0
3.0
-14.0
-4.0
-8.0
0.0
7.0
0.0
13.0
2.0
-2.0
-65.0
7.0
0.0
-56.0
-33.0
1.0
-7.0
5.0
-2.0
-65.0
2.0
5.0
8.0
-5.0
9.0
-2.0
-2.0
8.0
-4.0
5.0
-5.0
9.0
-23.0
-1.0
-10.0
-3.0
-4.0
5.0
6.0
0.0
8.0
13.0
-14.0
14.0
-12.0
-7.0
4.0
-15.0
-15.0
-8.0
8.0
-7.0
1.0
-16.0
-12.0
-21.0
8.0
-113.0
-10.0
0.0
-4.0
3.0
-4.0
7.0
7.0
0.0
-7.0
-13.0
-37.0
11.0
-22.0
-5.0
6.0
1.0
-4.0
6.0
-2.0
8.0
3.0
5.0
-37.0
-3.0
-2.0
10.0
-30.0
-5.0
-6.0
5.0
4.0
11.0
7.0
8.0
-3.0
3.0
5.0
6.0
7.0
4.0
-14.0
-20.0
10.0
-1.0
-1.0
6.0
-1.0
5.0
-14.0
-131.0
8.0
-7.0
12.0
8.0
-17.0
-13.0
-18.0
7.0
-3.0
-2.0
-5.0
8.0
-23.0
4.0
11.0
-16.0
-4.0
7.0
-3.0
5.0
-24.0
-1.0
7.0
7.0
4.0
-11.0
8.0
-1.0
-8.0
-3.0
-3.0
6.0
-335.0
13.0
4.0
-17.0
5.0
8.0
5.0
6.0
3.0
1.0
-10.0
7.0
2.0
-23.0
2.0
8.0
8.0
10.0
-89.0
-6.0
-9.0
-22.0
-11.0
1.0
-13.0
9.0
9.0
-12.0
-4.0
10.0
-8.0
1.0
7.0
6.0
0.0
6.0
-22.0
-4.0
-290.0
9.0
-6.0
-1.0
-14.0
-13.0
3.0
-8.0
6.0
5.0
10.0
1.0
12.0
-1.0
8.0
6.0
0.0
-19.0
6.0
-28.0
12.0
-12.0
6.0
-7.0
10.0
-2.0
-9.0
-4.0
12.0
6.0
2.0
-10.0
-299.0
-1.0
15.0
-4.0
7.0
-6.0
-46.0
9.0
-29.0
0.0
8.0
0.0
-21.0
-6.0
7.0
7.0
-25.0
3.0
4.0
-3.0
8.0
2.0
7.0
-4.0
-5.0
-1.0
-6.0
14.0
7.0
-272.0
3.0
-3.0
-10.0
5.0
-21.0
-20.0
1.0
8.0
-2.0
-2.0
-28.0
10.0
-11.0
-8.0
6.0
1.0
4.0
4.0
8.0
11.0
5.0
-3.0
7.0
6.0
-12.0
-2.0
8.0
-7.0
10.0
2.0
-14.0
-7.0
-23.0
9.0
-11.0
-10.0
4.0
11.0
7.0
1.0
10.0
-14.0
11.0
5.0
-4.0
-5.0
1.0
-5.0
2.0
-36.0
-3.0
8.0
7.0
-9.0
-21.0
-25.0
8.0
3.0
12.0
-8.0
-10.0
7.0
8.0
-1.0
-3.0
-4.0
-23.0
-21.0
3.0
7.0
6.0
-137.0
-17.0
4.0
-6.0
8.0
-62.0
-7.0
8.0
-4.0
10.0
-1.0
-19.0
10.0
-1.0
11.0
0.0
0.0
2.0
-7.0
4.0
-5.0
8.0
-2.0
15.0
13.0
3.0
3.0
4.0
-5.0
-7.0
1.0
9.0
12.0
2.0
9.0
7.0
-4.0
-10.0
7.0
-13.0
-3.0
-4.0
3.0
3.0
-4.0
-7.0
-12.0
2.0
-15.0
-3.0
3.0
-9.0
-5.0
7.0
9.0
-5.0
15.0
-8.0
8.0
-1.0
4.0
7.0
10.0
6.0
13.0
-12.0
14.0
-6.0
1.0
1.0
3.0
10.0
-18.0
4.0
-5.0
6.0
8.0
-28.0
1.0
10.0
-16.0
4.0
1.0
7.0
5.0
-6.0
-12.0
4.0
-12.0
3.0
-7.0
11.0
-2.0
13.0
4.0
-8.0
-23.0
5.0
-14.0
-27.0
7.0
-11.0
-8.0
-9.0
-19.0
0.0
-3.0
11.0
11.0
13.0
-5.0
15.0
9.0
10.0
8.0
4.0
-5.0
2.0
8.0
-7.0
2.0
13.0
-5.0
-3.0
2.0
5.0
7.0
-3.0
15.0
7.0
6.0
-8.0
1.0
8.0
-9.0
8.0
6.0
-12.0
2.0
8.0
-8.0
3.0
8.0
6.0
-6.0
5.0
0.0
0.0
8.0
5.0
9.0
-4.0
7.0
-13.0
0.0
-3.0
7.0
8.0
-5.0
1.0
4.0
-23.0
-2.0
-2.0
7.0
-22.0
-1.0
-5.0
1.0
5.0
2.0
-7.0
-15.0
10.0
-1.0
-7.0
0.0
10.0
-6.0
-1.0
-5.0
-15.0
11.0
9.0
-13.0
9.0
-1.0
-6.0
-4.0
-19.0
5.0
-2.0
-7.0
-1.0
-31.0
12.0
10.0
-10.0
-2.0
10.0
9.0
0.0
-4.0
-4.0
6.0
-6.0
11.0
11.0
9.0
-3.0
-12.0
-5.0
4.0
0.0
-1.0
4.0
5.0
-1.0
1.0
5.0
-18.0
8.0
4.0
-1.0
11.0
6.0
-10.0
1.0
5.0
1.0
-6.0
1.0
7.0
3.0
11.0
2.0
-5.0
3.0
9.0
6.0
2.0
2.0
-5.0
8.0
-26.0
6.0
9.0
-7.0
4.0
-5.0
-3.0
-12.0
-6.0
-5.0
-15.0
11.0
-14.0
3.0
4.0
10.0
-5.0
-5.0
-6.0
2.0
-4.0
-35.0
4.0
-29.0
-14.0
9.0
-2.0
11.0
8.0
-9.0
-6.0
3.0
11.0
-1.0
1.0
-4.0
-19.0
-14.0
-9.0
2.0
7.0
5.0
-8.0
6.0
5.0
-10.0
2.0
-3.0
0.0
8.0
-14.0
-8.0
-7.0
-2.0
3.0
10.0
1.0
-1.0
4.0
9.0
3.0
7.0
5.0
-20.0
-6.0
4.0
8.0
-2.0
11.0
14.0
-10.0
-1.0
9.0
12.0
5.0
6.0
-28.0
10.0
4.0
5.0
-3.0
3.0
-5.0
9.0
-1.0
6.0
-17.0
0.0
9.0
-3.0
7.0
-2.0
5.0
9.0
-16.0
4.0
-24.0
7.0
13.0
7.0
6.0
-11.0
7.0
11.0
4.0
1.0
-4.0
4.0
12.0
2.0
-7.0
11.0
-27.0
1.0
4.0
-5.0
7.0
9.0
12.0
8.0
-13.0
5.0
0.0
7.0
4.0
-3.0
-2.0
4.0
-14.0
7.0
9.0
9.0
0.0
11.0
9.0
9.0
-5.0
-5.0
6.0
-5.0
9.0
5.0
8.0
9.0
-4.0
-5.0
-29.0
4.0
5.0
-13.0
-27.0
10.0
-4.0
4.0
9.0
12.0
-1.0
6.0
-17.0
6.0
7.0
4.0
7.0
5.0
4.0
-4.0
-5.0
5.0
9.0
6.0
-16.0
0.0
4.0
9.0
-5.0
-4.0
12.0
14.0
8.0
2.0
-12.0
12.0
12.0
7.0
7.0
5.0
-16.0
12.0
-1.0
-11.0
12.0
-3.0
8.0
-1.0
6.0
11.0
-14.0
8.0
-2.0
0.0
7.0
-4.0
-3.0
4.0
6.0
-9.0
7.0
-5.0
3.0
12.0
6.0
9.0
4.0
8.0
11.0
-4.0
-7.0
6.0
8.0
7.0
-20.0
9.0
6.0
6.0
-5.0
8.0
0.0
3.0
-16.0
2.0
6.0
9.0
6.0
-16.0
5.0
-4.0
7.0
7.0
-8.0
-18.0
4.0
11.0
-3.0
12.0
6.0
9.0
9.0
-3.0
1.0
-9.0
13.0
-1.0
-2.0
-7.0
-6.0
13.0
-10.0
-13.0
-15.0
-7.0
5.0
-3.0
11.0
8.0
6.0
3.0
9.0
7.0
13.0
13.0
6.0
5.0
-7.0
2.0
3.0
9.0
-6.0
11.0
5.0
9.0
3.0
-13.0
-15.0
7.0
7.0
-5.0
-2.0
-10.0
10.0
2.0
12.0
0.0
-15.0
5.0
8.0
11.0
-14.0
-5.0
0.0
9.0
8.0
6.0
10.0
-15.0
-4.0
1.0
0.0
-7.0
9.0
9.0
-8.0
-2.0
6.0
-3.0
-3.0
5.0
10.0
-15.0
-26.0
-3.0
-2.0
2.0
10.0
10.0
5.0
8.0
-4.0
8.0
11.0
7.0
5.0
6.0
-11.0
3.0
7.0
-29.0
-6.0
7.0
2.0
-2.0
-3.0
-6.0
-9.0
-5.0
-6.0
-2.0
9.0
-9.0
2.0
5.0
8.0
8.0
-26.0
6.0
8.0
-7.0
-6.0
0.0
-19.0
0.0
3.0
8.0
8.0
-4.0
3.0
-23.0
6.0
9.0
3.0
4.0
3.0
9.0
-5.0
7.0
10.0
7.0
-5.0
-9.0
9.0
0.0
6.0
-5.0
-16.0
5.0
-6.0
15.0
-10.0
-2.0
11.0
11.0
9.0
-2.0
10.0
12.0
14.0
-16.0
-13.0
-6.0
-22.0
0.0
7.0
-14.0
-4.0
8.0
8.0
12.0
4.0
5.0
7.0
-16.0
7.0
-4.0
-44.0
10.0
7.0
7.0
8.0
7.0
5.0
13.0
-7.0
2.0
11.0
5.0
-9.0
2.0
7.0
8.0
5.0
4.0
-7.0
-4.0
6.0
8.0
2.0
-13.0
-12.0
5.0
1.0
1.0
-3.0
6.0
9.0
5.0
0.0
4.0
0.0
-2.0
6.0
6.0
10.0
3.0
9.0
9.0
-3.0
-9.0
7.0
10.0
-14.0
6.0
3.0
-2.0
6.0
-2.0
9.0
0.0
4.0
-19.0
-4.0
6.0
5.0
13.0
-9.0
-2.0
9.0
8.0
-8.0
8.0
12.0
14.0
-5.0
-10.0
-4.0
10.0
-25.0
-21.0
-1.0
10.0
2.0
2.0
11.0
-4.0
-4.0
-3.0
9.0
7.0
8.0
5.0
12.0
9.0
-5.0
-3.0
-6.0
4.0
5.0
3.0
-5.0
-14.0
5.0
6.0
6.0
6.0
4.0
6.0
10.0
7.0
5.0
3.0
2.0
11.0
-1.0
0.0
5.0
5.0
11.0
-13.0
7.0
8.0
-2.0
0.0
9.0
-7.0
1.0
-1.0
9.0
5.0
8.0
0.0
5.0
-15.0
7.0
-7.0
6.0
7.0
-9.0
-1.0
9.0
-8.0
5.0
3.0
10.0
-1.0
5.0
5.0
3.0
1.0
-2.0
-21.0
-7.0
-9.0
6.0
-7.0
11.0
-3.0
7.0
5.0
4.0
7.0
-8.0
-4.0
6.0
4.0
4.0
-17.0
-16.0
-16.0
6.0
4.0
-2.0
-6.0
9.0
7.0
5.0
10.0
-3.0
10.0
8.0
-4.0
9.0
-1.0
-2.0
-11.0
-14.0
7.0
11.0
5.0
-8.0
-6.0
4.0
7.0
10.0
5.0
-16.0
7.0
-5.0
-5.0
-5.0
4.0
4.0
3.0
-7.0
-38.0
6.0
4.0
3.0
12.0
7.0
7.0
4.0
5.0
-1.0
2.0
7.0
-27.0
9.0
-8.0
11.0
13.0
-8.0
-2.0
4.0
-15.0
13.0
12.0
8.0
-3.0
-4.0
4.0
8.0
7.0
10.0
6.0
9.0
9.0
10.0
-1.0
-20.0
1.0
8.0
6.0
1.0
8.0
9.0
2.0
13.0
-1.0
0.0
-4.0
-5.0
-2.0
4.0
-8.0
9.0
-6.0
9.0
8.0
-7.0
0.0
10.0
6.0
7.0
10.0
-7.0
10.0
9.0
-7.0
10.0
7.0
-4.0
5.0
13.0
3.0
7.0
8.0
1.0
-10.0
3.0
1.0
8.0
12.0
9.0
10.0
-2.0
1.0
4.0
5.0
8.0
-1.0
-16.0
0.0
4.0
-7.0
-6.0
9.0
0.0
-7.0
8.0
-3.0
-2.0
9.0
-4.0
5.0
10.0
-25.0
-9.0
12.0
11.0
-3.0
-7.0
-10.0
-1.0
4.0
9.0
1.0
2.0
7.0
10.0
-20.0
3.0
-1.0
0.0
11.0
6.0
2.0
-5.0
-5.0
-3.0
-1.0
11.0
5.0
-5.0
2.0
6.0
-4.0
10.0
3.0
2.0
6.0
-11.0
9.0
9.0
7.0
-4.0
-6.0
6.0
9.0
3.0
-5.0
-6.0
-27.0
-1.0
8.0
13.0
-7.0
-19.0
8.0
6.0
2.0
6.0
-8.0
0.0
5.0
-3.0
-5.0
6.0
-2.0
-9.0
7.0
8.0
5.0
-2.0
8.0
-4.0
-1.0
14.0
1.0
-9.0
-29.0
-5.0
2.0
5.0
5.0
11.0
-16.0
8.0
-12.0
9.0
3.0
-15.0
0.0
10.0
-2.0
8.0
11.0
8.0
7.0
7.0
5.0
4.0
9.0
-3.0
-4.0
5.0
13.0
-3.0
-6.0
10.0
-9.0
-4.0
5.0
3.0
6.0
0.0
9.0
8.0
-13.0
-15.0
2.0
-7.0
0.0
8.0
8.0
2.0
8.0
12.0
10.0
7.0
-4.0
7.0
10.0
4.0
6.0
10.0
-6.0
12.0
15.0
-14.0
-14.0
8.0
7.0
-33.0
6.0
-7.0
-4.0
9.0
-1.0
8.0
4.0
10.0
5.0
3.0
-7.0
13.0
-16.0
4.0
-1.0
-14.0
-1.0
1.0
-7.0
13.0
8.0
4.0
7.0
0.0
2.0
-2.0
3.0
10.0
-16.0
7.0
2.0
7.0
-13.0
-3.0
-21.0
-4.0
-15.0
-3.0
-3.0
-2.0
-4.0
8.0
-7.0
6.0
5.0
-34.0
14.0
-13.0
2.0
-7.0
-3.0
10.0
2.0
-2.0
9.0
0.0
11.0
-4.0
-2.0
5.0
11.0
-14.0
0.0
-13.0
-3.0
8.0
-1.0
-15.0
9.0
-4.0
-20.0
-8.0
14.0
-3.0
-4.0
6.0
-10.0
9.0
8.0
-25.0
-9.0
-5.0
10.0
11.0
-24.0
-4.0
-24.0
-1.0
2.0
0.0
-7.0
-31.0
8.0
6.0
5.0
10.0
9.0
8.0
-2.0
12.0
-18.0
7.0
9.0
7.0
-3.0
8.0
8.0
-2.0
-6.0
4.0
5.0
-19.0
1.0
4.0
-4.0
8.0
4.0
1.0
-3.0
5.0
8.0
3.0
11.0
0.0
9.0
9.0
-9.0
6.0
4.0
-16.0
13.0
-17.0
9.0
6.0
8.0
11.0
-3.0
5.0
-4.0
14.0
9.0
7.0
-9.0
-8.0
-1.0
4.0
9.0
6.0
7.0
-7.0
-13.0
11.0
-23.0
-15.0
12.0
4.0
-17.0
-9.0
1.0
13.0
6.0
4.0
-8.0
8.0
4.0
-18.0
0.0
4.0
10.0
-17.0
-1.0
10.0
9.0
-7.0
7.0
5.0
6.0
-13.0
-17.0
6.0
7.0
11.0
4.0
3.0
1.0
9.0
0.0
13.0
6.0
-8.0
-3.0
5.0
-5.0
11.0
6.0
9.0
11.0
-9.0
-2.0
-7.0
-5.0
2.0
10.0
-4.0
4.0
13.0
6.0
10.0
4.0
0.0
-6.0
8.0
-1.0
10.0
1.0
-17.0
-3.0
4.0
9.0
-5.0
0.0
13.0
-12.0
6.0
-5.0
2.0
-7.0
5.0
5.0
-16.0
8.0
10.0
-3.0
10.0
-3.0
7.0
1.0
5.0
2.0
6.0
6.0
7.0
8.0
-22.0
-30.0
4.0
-15.0
-6.0
-20.0
9.0
3.0
8.0
-3.0
7.0
7.0
-6.0
12.0
-2.0
0.0
-4.0
-3.0
9.0
-7.0
7.0
9.0
11.0
-4.0
4.0
-11.0
-12.0
-1.0
-14.0
8.0
-1.0
6.0
-8.0
-17.0
1.0
9.0
3.0
9.0
-15.0
13.0
10.0
9.0
-3.0
-5.0
-15.0
-4.0
-5.0
6.0
-18.0
8.0
8.0
4.0
14.0
-1.0
3.0
13.0
-4.0
6.0
7.0
7.0
9.0
-14.0
-11.0
9.0
7.0
7.0
8.0
11.0
3.0
9.0
-15.0
6.0
-4.0
7.0
8.0
8.0
4.0
-6.0
7.0
12.0
-15.0
10.0
-8.0
1.0
-3.0
-4.0
-6.0
12.0
2.0
10.0
7.0
1.0
8.0
-5.0
-8.0
6.0
3.0
3.0
9.0
5.0
2.0
9.0
-2.0
-5.0
9.0
1.0
8.0
7.0
13.0
-8.0
-5.0
5.0
-1.0
-2.0
7.0
-1.0
3.0
-33.0
-4.0
-9.0
8.0
-15.0
-5.0
6.0
-11.0
9.0
5.0
4.0
8.0
6.0
4.0
-19.0
12.0
-9.0
9.0
-4.0
9.0
-14.0
6.0
6.0
7.0
-3.0
11.0
-3.0
-2.0
6.0
8.0
0.0
1.0
-2.0
-3.0
2.0
5.0
-2.0
7.0
6.0
0.0
7.0
-4.0
7.0
-1.0
2.0
-4.0
-1.0
-2.0
11.0
-4.0
14.0
9.0
-8.0
-13.0
9.0
-11.0
-7.0
7.0
8.0
5.0
6.0
5.0
11.0
-10.0
-3.0
4.0
-6.0
-14.0
12.0
-3.0
0.0
7.0
5.0
-16.0
-4.0
2.0
5.0
9.0
-14.0
-3.0
9.0
9.0
-1.0
-4.0
7.0
8.0
10.0
5.0
8.0
8.0
1.0
-19.0
6.0
7.0
6.0
-1.0
5.0
0.0
-17.0
9.0
-3.0
5.0
7.0
13.0
9.0
0.0
3.0
3.0
8.0
-15.0
4.0
11.0
4.0
-1.0
7.0
9.0
-11.0
12.0
10.0
9.0
-2.0
3.0
4.0
7.0
13.0
5.0
6.0
11.0
7.0
3.0
-5.0
6.0
4.0
-3.0
-14.0
6.0
-6.0
7.0
3.0
4.0
3.0
10.0
5.0
9.0
7.0
-16.0
3.0
14.0
-20.0
-5.0
3.0
6.0
-3.0
-5.0
3.0
-32.0
-12.0
6.0
-1.0
8.0
2.0
-17.0
-2.0
8.0
-8.0
14.0
8.0
-2.0
-7.0
10.0
-16.0
9.0
0.0
7.0
4.0
6.0
-4.0
-4.0
8.0
-4.0
1.0
-22.0
12.0
4.0
-13.0
5.0
9.0
-15.0
6.0
-11.0
6.0
14.0
-3.0
-13.0
-3.0
-5.0
4.0
10.0
-16.0
3.0
-25.0
3.0
4.0
-12.0
7.0
12.0
11.0
11.0
10.0
6.0
15.0
3.0
8.0
10.0
-29.0
-1.0
8.0
13.0
-1.0
-24.0
4.0
8.0
13.0
8.0
-7.0
8.0
-2.0
7.0
10.0
6.0
-2.0
8.0
8.0
4.0
10.0
6.0
5.0
-8.0
8.0
14.0
-3.0
3.0
-4.0
8.0
0.0
9.0
9.0
9.0
-2.0
9.0
7.0
5.0
2.0
11.0
-3.0
0.0
5.0
-12.0
3.0
12.0
4.0
10.0
6.0
-2.0
-20.0
4.0
7.0
11.0
6.0
9.0
10.0
-6.0
3.0
7.0
2.0
-15.0
7.0
6.0
2.0
7.0
1.0
-1.0
5.0
12.0
10.0
5.0
12.0
7.0
9.0
7.0
7.0
1.0
8.0
13.0
-7.0
-3.0
9.0
3.0
8.0
8.0
-19.0
7.0
-16.0
-2.0
-10.0
4.0
4.0
11.0
8.0
-6.0
5.0
3.0
-5.0
-1.0
-6.0
6.0
-2.0
5.0
-2.0
7.0
12.0
-9.0
-3.0
-3.0
9.0
7.0
-13.0
9.0
8.0
3.0
9.0
-1.0
-2.0
-4.0
-11.0
8.0
-5.0
2.0
-11.0
6.0
2.0
-7.0
9.0
8.0
-5.0
-4.0
7.0
-3.0
-6.0
5.0
10.0
2.0
7.0
6.0
15.0
8.0
8.0
-7.0
4.0
6.0
3.0
11.0
9.0
10.0
8.0
9.0
3.0
-5.0
8.0
10.0
-7.0
4.0
7.0
2.0
9.0
-4.0
10.0
6.0
-2.0
13.0
9.0
8.0
14.0
-2.0
1.0
0.0
0.0
12.0
10.0
-25.0
10.0
-7.0
6.0
11.0
2.0
-5.0
-13.0
4.0
4.0
14.0
11.0
6.0
-4.0
10.0
3.0
-2.0
10.0
-2.0
-6.0
12.0
-3.0
12.0
9.0
3.0
5.0
7.0
10.0
-7.0
7.0
6.0
5.0
14.0
5.0
7.0
3.0
-1.0
6.0
11.0
-6.0
7.0
-7.0
-3.0
6.0
8.0
-17.0
-2.0
3.0
-17.0
3.0
-5.0
9.0
-3.0
8.0
8.0
5.0
-13.0
-7.0
8.0
-80.0
4.0
-4.0
-15.0
7.0
14.0
7.0
10.0
-5.0
6.0
-5.0
-27.0
8.0
9.0
-15.0
10.0
-5.0
5.0
1.0
-25.0
10.0
-14.0
5.0
2.0
5.0
10.0
-5.0
11.0
2.0
0.0
-3.0
10.0
4.0
5.0
-4.0
-5.0
5.0
9.0
5.0
4.0
7.0
9.0
0.0
14.0
-8.0
8.0
7.0
5.0
-2.0
-4.0
-12.0
9.0
-8.0
11.0
4.0
5.0
8.0
7.0
-18.0
-16.0
8.0
-13.0
-2.0
9.0
9.0
8.0
11.0
3.0
3.0
4.0
11.0
9.0
-27.0
15.0
7.0
3.0
9.0
11.0
0.0
4.0
10.0
-14.0
5.0
-5.0
7.0
-4.0
10.0
4.0
7.0
4.0
4.0
11.0
1.0
8.0
2.0
-2.0
-16.0
9.0
7.0
10.0
6.0
1.0
-6.0
8.0
11.0
-9.0
-2.0
-4.0
5.0
8.0
0.0
0.0
1.0
7.0
-9.0
4.0
-29.0
6.0
8.0
5.0
4.0
-19.0
7.0
-1.0
6.0
-6.0
4.0
0.0
2.0
4.0
14.0
6.0
13.0
6.0
-23.0
12.0
-5.0
-6.0
-3.0
1.0
5.0
12.0
6.0
6.0
6.0
3.0
13.0
-5.0
8.0
-1.0
-7.0
1.0
-4.0
-27.0
1.0
8.0
-7.0
4.0
6.0
5.0
-10.0
1.0
9.0
3.0
-3.0
13.0
0.0
-12.0
7.0
2.0
7.0
8.0
-2.0
13.0
1.0
-7.0
-16.0
8.0
-11.0
5.0
7.0
8.0
7.0
14.0
14.0
-16.0
-5.0
-4.0
-6.0
10.0
6.0
7.0
8.0
3.0
7.0
8.0
8.0
4.0
11.0
12.0
-6.0
-4.0
11.0
12.0
-3.0
-3.0
-25.0
-5.0
-5.0
5.0
-7.0
8.0
12.0
-17.0
9.0
-2.0
-3.0
9.0
4.0
-1.0
11.0
6.0
9.0
-14.0
14.0
5.0
11.0
9.0
-15.0
-23.0
-2.0
-5.0
0.0
-3.0
11.0
11.0
-6.0
-4.0
-1.0
0.0
0.0
14.0
8.0
11.0
-15.0
5.0
5.0
-8.0
7.0
-1.0
-3.0
-14.0
9.0
11.0
6.0
3.0
6.0
0.0
11.0
8.0
-4.0
5.0
6.0
8.0
5.0
1.0
-1.0
5.0
8.0
8.0
11.0
5.0
6.0
13.0
-1.0
5.0
-4.0
-11.0
11.0
12.0
6.0
-4.0
6.0
-2.0
-9.0
0.0
2.0
12.0
-1.0
6.0
10.0
4.0
8.0
11.0
-2.0
-2.0
7.0
-5.0
-16.0
0.0
9.0
-1.0
3.0
10.0
2.0
1.0
3.0
15.0
9.0
2.0
-6.0
-5.0
13.0
-7.0
4.0
9.0
9.0
0.0
0.0
-7.0
-5.0
-7.0
11.0
-1.0
3.0
2.0
7.0
9.0
7.0
10.0
-1.0
-3.0
10.0
9.0
10.0
4.0
1.0
4.0
-2.0
-6.0
-17.0
7.0
-1.0
6.0
9.0
0.0
6.0
12.0
-4.0
-3.0
-30.0
4.0
-8.0
6.0
10.0
6.0
-10.0
-1.0
3.0
3.0
5.0
11.0
5.0
5.0
6.0
5.0
7.0
-6.0
4.0
-1.0
6.0
-14.0
11.0
6.0
11.0
-5.0
9.0
3.0
11.0
-1.0
7.0
12.0
7.0
10.0
4.0
5.0
3.0
4.0
-17.0
3.0
5.0
-4.0
6.0
-1.0
-2.0
5.0
5.0
-7.0
-10.0
9.0
6.0
-2.0
-8.0
2.0
-6.0
4.0
6.0
-2.0
1.0
-4.0
-9.0
6.0
3.0
4.0
-9.0
-18.0
6.0
4.0
-11.0
5.0
-13.0
8.0
-10.0
9.0
8.0
12.0
5.0
-5.0
5.0
10.0
8.0
7.0
6.0
5.0
5.0
0.0
5.0
1.0
-6.0
14.0
11.0
-8.0
7.0
11.0
12.0
-13.0
-6.0
-4.0
-13.0
0.0
6.0
6.0
-16.0
-5.0
11.0
-8.0
8.0
10.0
-5.0
4.0
-14.0
-5.0
7.0
-3.0
-6.0
-5.0
13.0
4.0
-7.0
-7.0
9.0
7.0
6.0
6.0
11.0
-4.0
-8.0
-4.0
-3.0
-3.0
6.0
4.0
-1.0
3.0
-5.0
10.0
8.0
-1.0
0.0
-16.0
3.0
7.0
-3.0
1.0
3.0
4.0
7.0
5.0
-7.0
8.0
7.0
-10.0
7.0
6.0
9.0
8.0
10.0
7.0
8.0
-13.0
-8.0
6.0
8.0
5.0
-2.0
-3.0
-3.0
-1.0
-8.0
14.0
5.0
10.0
10.0
3.0
8.0
7.0
12.0
9.0
5.0
-5.0
-8.0
6.0
9.0
4.0
3.0
5.0
13.0
3.0
12.0
5.0
0.0
-1.0
9.0
9.0
12.0
10.0
10.0
9.0
9.0
-5.0
10.0
10.0
5.0
13.0
8.0
-3.0
-17.0
8.0
5.0
-5.0
2.0
6.0
0.0
6.0
-4.0
11.0
5.0
7.0
13.0
-1.0
9.0
-6.0
-4.0
11.0
-6.0
8.0
4.0
-18.0
4.0
9.0
9.0
10.0
8.0
7.0
9.0
3.0
-6.0
4.0
2.0
1.0
5.0
-2.0
-8.0
14.0
7.0
-7.0
-15.0
-8.0
11.0
-5.0
1.0
0.0
-5.0
5.0
9.0
-2.0
7.0
0.0
14.0
5.0
5.0
3.0
2.0
-1.0
6.0
-13.0
11.0
2.0
2.0
5.0
-3.0
5.0
10.0
7.0
-4.0
7.0
-14.0
-3.0
9.0
-5.0
2.0
-5.0
12.0
6.0
3.0
-24.0
6.0
-1.0
-1.0
11.0
4.0
4.0
2.0
1.0
5.0
8.0
6.0
9.0
3.0
12.0
8.0
2.0
7.0
-3.0
12.0
-2.0
-18.0
3.0
4.0
7.0
6.0
1.0
2.0
10.0
-2.0
8.0
0.0
12.0
4.0
5.0
3.0
6.0
5.0
11.0
6.0
4.0
3.0
11.0
3.0
-5.0
11.0
0.0
6.0
11.0
5.0
-3.0
9.0
4.0
5.0
4.0
7.0
-1.0
-2.0
10.0
-6.0
6.0
-9.0
5.0
-4.0
-15.0
-19.0
10.0
5.0
-3.0
9.0
5.0
9.0
8.0
9.0
9.0
6.0
-6.0
-9.0
1.0
-4.0
-5.0
-2.0
-8.0
9.0
5.0
3.0
-6.0
4.0
7.0
-5.0
9.0
-1.0
11.0
10.0
-4.0
7.0
11.0
-11.0
8.0
4.0
9.0
7.0
5.0
-15.0
-6.0
12.0
-5.0
3.0
11.0
9.0
8.0
7.0
8.0
12.0
3.0
10.0
-3.0
1.0
-10.0
6.0
-19.0
11.0
6.0
-6.0
10.0
7.0
-2.0
10.0
7.0
5.0
0.0
5.0
8.0
-5.0
7.0
11.0
7.0
11.0
-4.0
-3.0
9.0
-14.0
10.0
6.0
-8.0
3.0
10.0
9.0
7.0
6.0
-15.0
8.0
7.0
-5.0
9.0
8.0
-9.0
-3.0
4.0
5.0
-17.0
-6.0
8.0
-4.0
6.0
-5.0
-12.0
12.0
-13.0
11.0
12.0
-6.0
11.0
-10.0
10.0
12.0
-11.0
10.0
-6.0
5.0
-6.0
6.0
6.0
9.0
-15.0
9.0
3.0
-16.0
12.0
8.0
4.0
2.0
-53.0
9.0
8.0
-6.0
7.0
9.0
6.0
-5.0
9.0
10.0
-8.0
-17.0
9.0
-13.0
8.0
-2.0
-14.0
8.0
5.0
0.0
-37.0
3.0
3.0
9.0
12.0
11.0
7.0
10.0
5.0
8.0
10.0
-1.0
5.0
0.0
11.0
2.0
1.0
1.0
-8.0
-14.0
12.0
9.0
1.0
-1.0
-4.0
3.0
-4.0
11.0
4.0
8.0
12.0
2.0
2.0
-5.0
8.0
4.0
11.0
8.0
11.0
2.0
9.0
5.0
5.0
-4.0
1.0
3.0
11.0
-5.0
10.0
7.0
-14.0
13.0
7.0
8.0
9.0
7.0
-5.0
7.0
9.0
8.0
12.0
10.0
10.0
-2.0
8.0
8.0
10.0
-6.0
2.0
7.0
3.0
-1.0
7.0
0.0
6.0
-4.0
-6.0
-13.0
0.0
-7.0
-16.0
11.0
0.0
8.0
6.0
10.0
-6.0
9.0
6.0
0.0
10.0
-4.0
4.0
-3.0
-1.0
-13.0
10.0
-5.0
11.0
7.0
11.0
5.0
-8.0
0.0
-8.0
7.0
10.0
-5.0
7.0
-1.0
-8.0
6.0
6.0
4.0
9.0
6.0
-4.0
7.0
8.0
5.0
4.0
-5.0
13.0
0.0
4.0
0.0
7.0
-7.0
7.0
6.0
7.0
-3.0
10.0
-9.0
8.0
6.0
10.0
1.0
7.0
6.0
4.0
6.0
-1.0
-2.0
8.0
-4.0
8.0
-4.0
9.0
9.0
11.0
8.0
4.0
-6.0
6.0
-1.0
6.0
6.0
-13.0
9.0
8.0
-29.0
-29.0
10.0
-1.0
-3.0
8.0
6.0
7.0
-10.0
12.0
-5.0
10.0
5.0
8.0
5.0
8.0
3.0
10.0
10.0
7.0
1.0
5.0
-18.0
-2.0
-7.0
14.0
-17.0
9.0
6.0
1.0
-4.0
2.0
-4.0
14.0
6.0
7.0
4.0
3.0
7.0
2.0
10.0
9.0
-5.0
1.0
5.0
3.0
7.0
6.0
4.0
4.0
-7.0
-6.0
4.0
-11.0
5.0
2.0
9.0
4.0
-2.0
4.0
-3.0
4.0
-3.0
9.0
-5.0
8.0
6.0
-2.0
6.0
-17.0
1.0
5.0
4.0
-9.0
-17.0
0.0
-16.0
7.0
-4.0
-7.0
9.0
8.0
-6.0
2.0
6.0
12.0
0.0
6.0
7.0
9.0
9.0
11.0
-7.0
3.0
9.0
-5.0
-15.0
9.0
-1.0
-2.0
-7.0
-12.0
7.0
0.0
4.0
14.0
11.0
-4.0
11.0
7.0
-4.0
8.0
10.0
-3.0
10.0
-6.0
-18.0
-8.0
10.0
5.0
-1.0
4.0
9.0
4.0
6.0
-15.0
4.0
6.0
-25.0
-4.0
-10.0
5.0
4.0
9.0
10.0
-16.0
-16.0
3.0
8.0
-4.0
-19.0
9.0
10.0
5.0
6.0
0.0
7.0
4.0
9.0
9.0
-6.0
-1.0
-3.0
14.0
3.0
2.0
-7.0
-9.0
-3.0
8.0
-6.0
-4.0
-5.0
5.0
12.0
-6.0
9.0
-7.0
4.0
-3.0
-29.0
14.0
8.0
10.0
10.0
7.0
8.0
-13.0
-11.0
-6.0
6.0
4.0
-2.0
7.0
8.0
10.0
5.0
6.0
-14.0
-7.0
6.0
7.0
11.0
6.0
-14.0
7.0
5.0
10.0
1.0
7.0
-5.0
-12.0
9.0
-13.0
2.0
9.0
-2.0
-10.0
9.0
-7.0
12.0
6.0
6.0
-3.0
8.0
-6.0
0.0
-5.0
-4.0
-6.0
-5.0
-2.0
5.0
8.0
10.0
7.0
-6.0
4.0
-3.0
7.0
2.0
5.0
-2.0
0.0
11.0
7.0
4.0
-3.0
-7.0
7.0
9.0
10.0
5.0
-1.0
-10.0
6.0
-4.0
7.0
9.0
-2.0
6.0
-2.0
-6.0
10.0
-14.0
6.0
-15.0
2.0
7.0
10.0
11.0
-15.0
-6.0
-4.0
12.0
10.0
5.0
7.0
10.0
7.0
-12.0
9.0
7.0
-4.0
2.0
7.0
10.0
-4.0
1.0
8.0
-25.0
6.0
9.0
5.0
5.0
-6.0
6.0
0.0
0.0
-4.0
8.0
8.0
5.0
-5.0
-6.0
4.0
8.0
6.0
9.0
8.0
5.0
9.0
2.0
7.0
3.0
9.0
-4.0
8.0
0.0
6.0
5.0
-1.0
5.0
6.0
4.0
2.0
8.0
10.0
5.0
-7.0
9.0
1.0
7.0
7.0
6.0
5.0
9.0
-5.0
9.0
3.0
-16.0
8.0
5.0
10.0
8.0
-6.0
1.0
-4.0
2.0
-14.0
4.0
-14.0
6.0
0.0
-3.0
2.0
-2.0
-15.0
5.0
-4.0
13.0
-4.0
12.0
9.0
1.0
-12.0
5.0
5.0
1.0
8.0
7.0
-6.0
-17.0
5.0
8.0
8.0
-4.0
-7.0
8.0
5.0
10.0
1.0
10.0
11.0
-19.0
3.0
6.0
9.0
3.0
6.0
-2.0
1.0
-15.0
-5.0
-6.0
14.0
8.0
2.0
7.0
0.0
4.0
7.0
10.0
-5.0
10.0
8.0
9.0
8.0
9.0
7.0
10.0
9.0
-3.0
6.0
8.0
4.0
5.0
4.0
-4.0
6.0
8.0
-7.0
4.0
4.0
8.0
-5.0
-1.0
10.0
7.0
8.0
7.0
1.0
-26.0
-27.0
4.0
7.0
8.0
0.0
-3.0
3.0
10.0
7.0
5.0
-5.0
0.0
-10.0
4.0
9.0
9.0
7.0
1.0
5.0
10.0
-2.0
3.0
8.0
9.0
4.0
3.0
9.0
7.0
4.0
13.0
11.0
6.0
9.0
9.0
0.0
2.0
-3.0
10.0
2.0
4.0
13.0
11.0
8.0
8.0
-20.0
7.0
-4.0
7.0
-17.0
-5.0
11.0
6.0
14.0
8.0
11.0
-7.0
7.0
7.0
5.0
4.0
0.0
8.0
5.0
5.0
0.0
4.0
-4.0
6.0
15.0
6.0
12.0
5.0
5.0
-3.0
14.0
-5.0
0.0
10.0
7.0
-2.0
5.0
-4.0
15.0
-1.0
10.0
-15.0
10.0
-5.0
1.0
7.0
-34.0
9.0
4.0
9.0
8.0
-25.0
11.0
8.0
10.0
-7.0
6.0
8.0
3.0
10.0
-3.0
5.0
6.0
10.0
11.0
8.0
7.0
7.0
-5.0
-6.0
14.0
-11.0
9.0
8.0
-4.0
-3.0
12.0
6.0
9.0
-1.0
9.0
-4.0
11.0
-4.0
10.0
12.0
10.0
-2.0
7.0
8.0
9.0
6.0
1.0
-28.0
-6.0
9.0
-9.0
-3.0
10.0
14.0
-2.0
-1.0
7.0
4.0
9.0
-3.0
-2.0
11.0
5.0
-5.0
9.0
4.0
2.0
4.0
-3.0
-6.0
-5.0
5.0
10.0
5.0
7.0
-14.0
10.0
14.0
4.0
-4.0
-14.0
4.0
6.0
9.0
4.0
12.0
5.0
13.0
3.0
13.0
-1.0
-3.0
-2.0
4.0
4.0
5.0
-31.0
-2.0
-7.0
7.0
11.0
5.0
9.0
9.0
-3.0
5.0
6.0
2.0
-4.0
4.0
2.0
-16.0
12.0
11.0
12.0
1.0
5.0
10.0
6.0
-4.0
1.0
8.0
-6.0
5.0
3.0
9.0
10.0
8.0
3.0
5.0
8.0
4.0
0.0
6.0
4.0
1.0
-13.0
2.0
-3.0
-14.0
5.0
-1.0
8.0
5.0
7.0
10.0
7.0
6.0
8.0
4.0
-2.0
-6.0
5.0
6.0
7.0
4.0
7.0
11.0
1.0
11.0
3.0
8.0
3.0
5.0
3.0
10.0
-3.0
7.0
6.0
-4.0
7.0
4.0
6.0
7.0
1.0
4.0
7.0
7.0
1.0
4.0
4.0
-13.0
-3.0
1.0
-1.0
8.0
11.0
5.0
-4.0
11.0
5.0
9.0
14.0
9.0
11.0
-1.0
12.0
9.0
10.0
-29.0
6.0
7.0
8.0
-5.0
10.0
5.0
11.0
11.0
4.0
-1.0
-4.0
5.0
9.0
1.0
3.0
3.0
4.0
9.0
-3.0
6.0
10.0
10.0
-8.0
7.0
-4.0
12.0
-4.0
4.0
12.0
10.0
6.0
6.0
-6.0
0.0
-2.0
9.0
-15.0
4.0
7.0
8.0
5.0
2.0
-19.0
9.0
10.0
11.0
5.0
3.0
-24.0
-5.0
12.0
5.0
-6.0
5.0
10.0
-2.0
7.0
0.0
-11.0
-7.0
6.0
13.0
10.0
5.0
13.0
-3.0
4.0
9.0
2.0
-3.0
10.0
5.0
9.0
10.0
4.0
7.0
8.0
-1.0
3.0
5.0
6.0
7.0
6.0
11.0
-5.0
4.0
8.0
-3.0
6.0
-2.0
14.0
10.0
10.0
5.0
4.0
9.0
-13.0
-8.0
9.0
1.0
8.0
6.0
-8.0
5.0
12.0
8.0
9.0
9.0
5.0
-14.0
4.0
-2.0
3.0
3.0
13.0
7.0
10.0
7.0
10.0
1.0
10.0
6.0
9.0
10.0
11.0
8.0
8.0
2.0
8.0
6.0
7.0
10.0
-5.0
8.0
-3.0
5.0
11.0
5.0
13.0
-5.0
4.0
8.0
-21.0
-7.0
8.0
2.0
8.0
1.0
11.0
11.0
0.0
9.0
7.0
10.0
-6.0
-4.0
6.0
9.0
12.0
8.0
6.0
-15.0
-8.0
3.0
-5.0
7.0
9.0
-1.0
4.0
-5.0
5.0
11.0
3.0
10.0
-2.0
10.0
10.0
15.0
-4.0
12.0
12.0
11.0
7.0
8.0
-3.0
5.0
6.0
0.0
-19.0
-5.0
-5.0
7.0
7.0
11.0
10.0
6.0
8.0
-1.0
3.0
-3.0
5.0
5.0
-7.0
-3.0
-6.0
-1.0
10.0
-1.0
-7.0
7.0
-2.0
2.0
6.0
-5.0
9.0
2.0
7.0
7.0
5.0
1.0
11.0
13.0
-1.0
7.0
6.0
2.0
4.0
12.0
4.0
11.0
6.0
-4.0
-5.0
-3.0
-12.0
6.0
-13.0
7.0
12.0
2.0
13.0
8.0
6.0
-8.0
-1.0
6.0
9.0
6.0
5.0
3.0
5.0
-4.0
9.0
-3.0
12.0
-4.0
2.0
-7.0
5.0
11.0
-6.0
8.0
4.0
13.0
4.0
10.0
-3.0
13.0
-5.0
11.0
12.0
0.0
-8.0
1.0
-13.0
8.0
5.0
9.0
6.0
-13.0
7.0
10.0
7.0
12.0
5.0
-12.0
-25.0
1.0
6.0
3.0
10.0
10.0
4.0
5.0
-5.0
14.0
0.0
5.0
6.0
-2.0
13.0
7.0
-7.0
9.0
3.0
-2.0
3.0
4.0
9.0
9.0
4.0
9.0
4.0
5.0
9.0
-1.0
3.0
6.0
8.0
-6.0
-7.0
3.0
8.0
7.0
7.0
8.0
3.0
11.0
10.0
7.0
-11.0
-3.0
8.0
5.0
-2.0
7.0
10.0
8.0
11.0
5.0
7.0
6.0
9.0
12.0
-2.0
4.0
5.0
7.0
6.0
-3.0
9.0
5.0
9.0
5.0
-2.0
7.0
7.0
13.0
-15.0
-24.0
5.0
10.0
7.0
4.0
8.0
-12.0
7.0
-12.0
4.0
3.0
11.0
3.0
4.0
13.0
2.0
6.0
-25.0
-5.0
8.0
5.0
6.0
-5.0
-10.0
12.0
-6.0
9.0
9.0
3.0
2.0
7.0
7.0
13.0
8.0
8.0
6.0
8.0
12.0
8.0
6.0
5.0
8.0
-3.0
8.0
10.0
-5.0
8.0
-16.0
11.0
-5.0
9.0
8.0
9.0
5.0
5.0
7.0
2.0
7.0
-3.0
3.0
14.0
11.0
6.0
-5.0
9.0
-1.0
-13.0
11.0
-2.0
9.0
7.0
12.0
9.0
6.0
2.0
9.0
-4.0
8.0
7.0
3.0
11.0
3.0
7.0
-38.0
-12.0
6.0
11.0
5.0
5.0
6.0
-3.0
0.0
10.0
3.0
9.0
4.0
-14.0
14.0
9.0
9.0
-15.0
8.0
6.0
14.0
13.0
11.0
11.0
10.0
-1.0
10.0
7.0
-2.0
-5.0
-3.0
-9.0
5.0
-1.0
11.0
-2.0
9.0
9.0
15.0
10.0
5.0
9.0
11.0
5.0
-3.0
9.0
-3.0
-1.0
-11.0
-4.0
6.0
3.0
-3.0
3.0
-17.0
11.0
3.0
6.0
-3.0
7.0
6.0
3.0
6.0
-3.0
7.0
3.0
3.0
8.0
9.0
13.0
2.0
3.0
11.0
-4.0
6.0
8.0
-7.0
3.0
10.0
4.0
12.0
6.0
4.0
6.0
-6.0
4.0
9.0
11.0
4.0
0.0
9.0
8.0
-7.0
9.0
8.0
7.0
3.0
7.0
3.0
13.0
7.0
-5.0
3.0
10.0
-3.0
3.0
3.0
8.0
-1.0
5.0
6.0
0.0
0.0
-5.0
3.0
10.0
8.0
6.0
-3.0
8.0
-20.0
5.0
5.0
-5.0
8.0
-18.0
9.0
7.0
-4.0
1.0
-1.0
8.0
8.0
7.0
2.0
4.0
4.0
0.0
6.0
13.0
10.0
3.0
6.0
-6.0
5.0
4.0
15.0
4.0
-4.0
-11.0
11.0
6.0
5.0
12.0
4.0
11.0
4.0
7.0
-16.0
10.0
7.0
8.0
8.0
1.0
12.0
6.0
3.0
8.0
-1.0
10.0
-3.0
5.0
7.0
12.0
13.0
12.0
4.0
9.0
9.0
-6.0
11.0
-26.0
6.0
11.0
8.0
7.0
8.0
-3.0
-3.0
-5.0
14.0
-1.0
7.0
6.0
-7.0
10.0
5.0
-16.0
5.0
-9.0
-7.0
14.0
8.0
4.0
-12.0
-26.0
4.0
8.0
9.0
-2.0
4.0
8.0
10.0
-1.0
7.0
5.0
8.0
10.0
15.0
7.0
11.0
6.0
3.0
7.0
6.0
-4.0
10.0
4.0
8.0
8.0
9.0
9.0
5.0
-3.0
5.0
4.0
8.0
10.0
7.0
6.0
8.0
6.0
-13.0
7.0
3.0
-29.0
4.0
8.0
-24.0
11.0
-7.0
9.0
4.0
8.0
4.0
7.0
9.0
5.0
0.0
2.0
5.0
8.0
9.0
4.0
8.0
2.0
8.0
14.0
-6.0
10.0
5.0
-15.0
9.0
9.0
0.0
-6.0
12.0
10.0
5.0
-3.0
11.0
6.0
7.0
9.0
9.0
8.0
4.0
7.0
9.0
-9.0
5.0
-13.0
-4.0
7.0
12.0
7.0
2.0
-4.0
2.0
-5.0
-6.0
-1.0
4.0
6.0
7.0
-2.0
-5.0
6.0
-5.0
-16.0
8.0
0.0
0.0
-15.0
7.0
-1.0
-3.0
-5.0
5.0
8.0
8.0
3.0
1.0
3.0
5.0
10.0
7.0
4.0
9.0
-5.0
5.0
-5.0
10.0
12.0
6.0
8.0
11.0
14.0
4.0
-1.0
5.0
6.0
8.0
4.0
9.0
4.0
8.0
9.0
8.0
9.0
11.0
5.0
2.0
4.0
8.0
6.0
10.0
5.0
-1.0
3.0
4.0
10.0
12.0
-14.0
-5.0
-3.0
4.0
7.0
-14.0
6.0
10.0
-5.0
8.0
3.0
5.0
11.0
6.0
9.0
11.0
14.0
7.0
-16.0
8.0
11.0
2.0
6.0
9.0
5.0
7.0
-3.0
12.0
-33.0
7.0
4.0
7.0
12.0
7.0
9.0
8.0
6.0
-1.0
0.0
-1.0
-3.0
7.0
6.0
8.0
11.0
8.0
3.0
8.0
8.0
-6.0
5.0
8.0
10.0
-2.0
3.0
5.0
-10.0
-17.0
-3.0
-4.0
9.0
8.0
7.0
5.0
1.0
11.0
-5.0
2.0
-1.0
10.0
10.0
1.0
9.0
11.0
-2.0
9.0
12.0
0.0
8.0
5.0
9.0
3.0
-13.0
10.0
5.0
-3.0
3.0
-2.0
6.0
4.0
-2.0
2.0
-4.0
-4.0
8.0
3.0
8.0
6.0
4.0
11.0
9.0
9.0
-6.0
8.0
4.0
7.0
8.0
-7.0
5.0
-6.0
10.0
-3.0
-6.0
5.0
5.0
11.0
-19.0
-1.0
8.0
-3.0
4.0
-3.0
7.0
3.0
10.0
-5.0
11.0
8.0
7.0
8.0
7.0
2.0
6.0
10.0
4.0
-15.0
-3.0
10.0
10.0
13.0
5.0
3.0
5.0
6.0
4.0
6.0
7.0
7.0
-5.0
5.0
5.0
7.0
8.0
8.0
5.0
-3.0
5.0
6.0
3.0
-4.0
8.0
8.0
8.0
0.0
2.0
12.0
-5.0
3.0
9.0
14.0
-5.0
7.0
3.0
11.0
15.0
2.0
10.0
-3.0
-6.0
5.0
4.0
-15.0
-2.0
-3.0
3.0
11.0
5.0
-3.0
11.0
8.0
3.0
-7.0
5.0
11.0
8.0
9.0
10.0
-6.0
10.0
5.0
5.0
7.0
10.0
12.0
8.0
10.0
-8.0
-5.0
-7.0
11.0
4.0
4.0
8.0
4.0
-4.0
7.0
-3.0
9.0
7.0
9.0
-9.0
7.0
7.0
3.0
-9.0
5.0
0.0
4.0
-1.0
3.0
1.0
-2.0
7.0
0.0
8.0
-1.0
-3.0
9.0
-4.0
-6.0
-12.0
12.0
9.0
5.0
-1.0
11.0
12.0
8.0
-7.0
-1.0
9.0
-23.0
-2.0
0.0
-7.0
6.0
2.0
5.0
4.0
3.0
-3.0
7.0
6.0
11.0
3.0
3.0
3.0
9.0
7.0
-6.0
9.0
2.0
-1.0
7.0
-1.0
-4.0
8.0
5.0
9.0
-14.0
6.0
-6.0
-6.0
-10.0
0.0
8.0
4.0
8.0
12.0
5.0
8.0
5.0
7.0
10.0
7.0
6.0
10.0
12.0
4.0
6.0
7.0
7.0
7.0
5.0
6.0
10.0
7.0
7.0
9.0
12.0
7.0
9.0
11.0
10.0
10.0
13.0
2.0
2.0
-3.0
12.0
8.0
-6.0
5.0
5.0
6.0
12.0
7.0
-15.0
11.0
-4.0
5.0
8.0
6.0
4.0
7.0
8.0
8.0
9.0
9.0
-7.0
8.0
8.0
5.0
-5.0
10.0
7.0
-12.0
-2.0
5.0
4.0
-30.0
7.0
-1.0
-1.0
14.0
5.0
-5.0
6.0
10.0
11.0
4.0
9.0
11.0
5.0
4.0
11.0
0.0
7.0
11.0
-6.0
2.0
10.0
7.0
9.0
10.0
9.0
5.0
8.0
5.0
8.0
4.0
11.0
7.0
12.0
6.0
9.0
13.0
6.0
11.0
8.0
8.0
4.0
3.0
9.0
-4.0
9.0
5.0
2.0
10.0
12.0
-7.0
3.0
9.0
0.0
7.0
12.0
12.0
10.0
8.0
-6.0
5.0
6.0
-6.0
-4.0
10.0
9.0
5.0
3.0
6.0
-1.0
5.0
9.0
10.0
-2.0
4.0
3.0
6.0
-15.0
4.0
-2.0
7.0
7.0
10.0
9.0
10.0
-1.0
4.0
5.0
-2.0
6.0
3.0
4.0
8.0
3.0
9.0
5.0
0.0
10.0
8.0
4.0
13.0
3.0
-3.0
7.0
5.0
7.0
3.0
6.0
-6.0
9.0
-3.0
4.0
3.0
4.0
10.0
10.0
-5.0
8.0
7.0
7.0
5.0
5.0
5.0
11.0
5.0
2.0
11.0
7.0
11.0
9.0
7.0
-6.0
-6.0
7.0
-5.0
7.0
-11.0
8.0
-7.0
1.0
5.0
9.0
6.0
5.0
-5.0
5.0
5.0
1.0
13.0
-2.0
15.0
4.0
6.0
-6.0
12.0
4.0
10.0
9.0
9.0
12.0
-3.0
-27.0
4.0
9.0
-4.0
-6.0
7.0
10.0
11.0
9.0
8.0
2.0
-5.0
4.0
6.0
11.0
7.0
5.0
8.0
12.0
-14.0
5.0
7.0
-4.0
7.0
9.0
11.0
11.0
8.0
4.0
6.0
-6.0
12.0
-6.0
7.0
7.0
8.0
4.0
3.0
4.0
-5.0
7.0
-23.0
7.0
5.0
4.0
7.0
-7.0
5.0
10.0
7.0
12.0
-11.0
12.0
6.0
3.0
-7.0
11.0
10.0
6.0
12.0
11.0
9.0
8.0
5.0
-16.0
5.0
7.0
4.0
7.0
8.0
6.0
-6.0
13.0
11.0
-3.0
1.0
10.0
10.0
5.0
9.0
15.0
9.0
8.0
9.0
7.0
7.0
2.0
-3.0
3.0
-2.0
11.0
-6.0
11.0
0.0
-6.0
10.0
4.0
12.0
1.0
4.0
4.0
-4.0
11.0
7.0
-13.0
5.0
3.0
-11.0
10.0
11.0
4.0
9.0
12.0
-1.0
6.0
9.0
7.0
1.0
12.0
7.0
1.0
5.0
8.0
8.0
3.0
8.0
13.0
8.0
4.0
7.0
12.0
8.0
1.0
6.0
9.0
3.0
1.0
7.0
2.0
-25.0
10.0
7.0
-4.0
6.0
4.0
10.0
7.0
14.0
7.0
7.0
6.0
10.0
9.0
13.0
7.0
13.0
6.0
9.0
-8.0
6.0
9.0
11.0
-1.0
11.0
7.0
7.0
-5.0
-4.0
4.0
6.0
6.0
8.0
4.0
11.0
-1.0
4.0
10.0
9.0
9.0
-2.0
7.0
3.0
8.0
8.0
6.0
9.0
14.0
-5.0
10.0
-29.0
-3.0
11.0
9.0
7.0
7.0
-3.0
1.0
4.0
7.0
12.0
11.0
7.0
8.0
14.0
3.0
7.0
10.0
12.0
4.0
6.0
9.0
5.0
8.0
7.0
8.0
-11.0
-13.0
6.0
14.0
6.0
11.0
7.0
13.0
-1.0
9.0
10.0
7.0
-4.0
-1.0
5.0
3.0
-3.0
7.0
6.0
7.0
10.0
8.0
5.0
-5.0
10.0
6.0
8.0
-3.0
-6.0
7.0
7.0
-69.0
0.0
6.0
-6.0
5.0
-3.0
9.0
-25.0
10.0
13.0
9.0
-3.0
0.0
-7.0
11.0
4.0
12.0
10.0
-3.0
7.0
8.0
6.0
-15.0
7.0
6.0
8.0
-6.0
4.0
11.0
9.0
4.0
10.0
8.0
-16.0
11.0
8.0
10.0
-3.0
9.0
13.0
12.0
7.0
10.0
3.0
10.0
8.0
4.0
9.0
-16.0
9.0
9.0
6.0
8.0
8.0
0.0
-3.0
6.0
11.0
4.0
11.0
1.0
10.0
4.0
8.0
-2.0
-1.0
7.0
8.0
2.0
-2.0
-9.0
10.0
1.0
-1.0
-13.0
1.0
9.0
1.0
7.0
2.0
15.0
-11.0
4.0
9.0
8.0
10.0
8.0
9.0
8.0
6.0
9.0
4.0
2.0
9.0
9.0
8.0
-2.0
9.0
8.0
12.0
-26.0
8.0
12.0
5.0
3.0
8.0
9.0
7.0
5.0
-3.0
7.0
15.0
12.0
15.0
1.0
-3.0
14.0
-3.0
-8.0
8.0
7.0
0.0
9.0
3.0
15.0
7.0
1.0
11.0
-5.0
-17.0
12.0
5.0
1.0
11.0
4.0
5.0
-4.0
8.0
7.0
7.0
10.0
10.0
7.0
10.0
6.0
12.0
7.0
-2.0
-3.0
7.0
1.0
6.0
-6.0
3.0
-6.0
9.0
5.0
5.0
8.0
6.0
10.0
2.0
9.0
11.0
-7.0
5.0
7.0
5.0
10.0
7.0
8.0
-11.0
8.0
3.0
-2.0
12.0
-5.0
-2.0
9.0
3.0
5.0
14.0
13.0
-5.0
1.0
-6.0
-12.0
-3.0
-4.0
5.0
4.0
-13.0
0.0
7.0
5.0
9.0
-3.0
10.0
-6.0
-2.0
7.0
3.0
7.0
7.0
5.0
5.0
2.0
-7.0
13.0
-6.0
9.0
5.0
8.0
9.0
8.0
11.0
6.0
10.0
-17.0
7.0
9.0
-14.0
10.0
14.0
6.0
9.0
14.0
3.0
11.0
-4.0
-1.0
7.0
7.0
13.0
4.0
9.0
-3.0
6.0
-4.0
6.0
7.0
11.0
10.0
10.0
9.0
5.0
-1.0
8.0
6.0
4.0
8.0
-3.0
-22.0
8.0
-4.0
10.0
2.0
12.0
6.0
-16.0
11.0
-5.0
-10.0
7.0
11.0
-5.0
-16.0
9.0
-7.0
7.0
5.0
8.0
11.0
13.0
13.0
3.0
10.0
-2.0
-3.0
14.0
-2.0
8.0
8.0
3.0
7.0
-13.0
12.0
-1.0
7.0
1.0
5.0
-5.0
11.0
10.0
-5.0
8.0
2.0
-8.0
7.0
14.0
3.0
7.0
3.0
11.0
-2.0
9.0
7.0
6.0
7.0
-3.0
-6.0
-3.0
-4.0
4.0
5.0
-9.0
13.0
-3.0
10.0
-6.0
-3.0
7.0
13.0
11.0
7.0
12.0
9.0
12.0
-2.0
6.0
8.0
-5.0
5.0
-12.0
7.0
-4.0
2.0
8.0
0.0
10.0
5.0
-2.0
1.0
8.0
3.0
-6.0
11.0
5.0
9.0
-5.0
0.0
8.0
-1.0
6.0
8.0
-4.0
13.0
4.0
9.0
8.0
4.0
-10.0
5.0
8.0
10.0
3.0
8.0
12.0
6.0
-5.0
3.0
9.0
-2.0
7.0
2.0
8.0
6.0
7.0
6.0
7.0
5.0
5.0
-1.0
11.0
10.0
-2.0
0.0
8.0
8.0
4.0
-1.0
-6.0
11.0
8.0
8.0
7.0
8.0
7.0
0.0
8.0
12.0
10.0
10.0
11.0
4.0
2.0
-8.0
13.0
-2.0
7.0
8.0
7.0
11.0
5.0
-1.0
-5.0
-1.0
-5.0
4.0
-2.0
-3.0
7.0
6.0
-11.0
11.0
-11.0
14.0
-4.0
5.0
7.0
13.0
6.0
9.0
9.0
8.0
4.0
7.0
0.0
12.0
-1.0
7.0
8.0
2.0
9.0
10.0
-20.0
11.0
-11.0
8.0
3.0
11.0
8.0
-10.0
10.0
4.0
11.0
8.0
7.0
12.0
8.0
-5.0
-2.0
9.0
-6.0
9.0
5.0
9.0
9.0
9.0
8.0
10.0
3.0
8.0
7.0
7.0
-3.0
9.0
7.0
11.0
2.0
8.0
13.0
6.0
10.0
8.0
6.0
10.0
5.0
8.0
4.0
8.0
9.0
10.0
10.0
-2.0
10.0
7.0
7.0
0.0
7.0
-9.0
-3.0
-6.0
10.0
-17.0
7.0
10.0
9.0
10.0
5.0
13.0
5.0
11.0
10.0
-1.0
2.0
9.0
8.0
8.0
8.0
6.0
-7.0
7.0
2.0
8.0
12.0
8.0
8.0
5.0
7.0
6.0
0.0
10.0
11.0
-8.0
6.0
9.0
10.0
9.0
8.0
12.0
12.0
9.0
10.0
7.0
10.0
-6.0
11.0
-1.0
3.0
7.0
7.0
6.0
-3.0
-6.0
6.0
-1.0
8.0
10.0
5.0
6.0
8.0
-16.0
8.0
5.0
8.0
13.0
6.0
-7.0
8.0
-1.0
9.0
8.0
5.0
9.0
5.0
7.0
11.0
7.0
9.0
-5.0
-14.0
15.0
3.0
7.0
6.0
10.0
8.0
3.0
6.0
8.0
5.0
0.0
7.0
11.0
8.0
10.0
8.0
11.0
9.0
-19.0
1.0
-1.0
12.0
7.0
-1.0
-3.0
5.0
1.0
11.0
10.0
5.0
-2.0
2.0
0.0
12.0
4.0
9.0
-2.0
11.0
10.0
8.0
13.0
6.0
7.0
-5.0
-4.0
-8.0
0.0
4.0
10.0
12.0
4.0
6.0
5.0
-2.0
7.0
9.0
5.0
8.0
8.0
-1.0
-4.0
2.0
9.0
6.0
10.0
5.0
7.0
8.0
11.0
-5.0
8.0
7.0
10.0
5.0
7.0
6.0
-3.0
-3.0
12.0
7.0
8.0
-3.0
11.0
-1.0
0.0
-2.0
8.0
6.0
9.0
10.0
-8.0
0.0
9.0
3.0
9.0
4.0
12.0
7.0
10.0
6.0
11.0
7.0
4.0
-1.0
-9.0
7.0
-5.0
7.0
15.0
4.0
-3.0
9.0
6.0
4.0
-5.0
7.0
11.0
6.0
4.0
10.0
6.0
8.0
9.0
-13.0
-1.0
10.0
7.0
-3.0
8.0
6.0
10.0
7.0
6.0
8.0
5.0
-13.0
7.0
4.0
7.0
10.0
11.0
3.0
4.0
4.0
3.0
11.0
11.0
10.0
4.0
5.0
9.0
7.0
8.0
9.0
5.0
-7.0
8.0
11.0
1.0
4.0
9.0
-26.0
11.0
8.0
9.0
3.0
8.0
8.0
4.0
5.0
7.0
8.0
9.0
1.0
-7.0
7.0
4.0
6.0
6.0
7.0
11.0
11.0
8.0
8.0
6.0
9.0
11.0
7.0
8.0
11.0
2.0
7.0
7.0
8.0
2.0
3.0
7.0
6.0
4.0
4.0
-6.0
8.0
-5.0
12.0
7.0
8.0
9.0
10.0
7.0
9.0
-3.0
6.0
11.0
4.0
7.0
12.0
-3.0
7.0
6.0
4.0
11.0
6.0
4.0
3.0
7.0
3.0
7.0
-4.0
7.0
1.0
4.0
4.0
5.0
2.0
5.0
8.0
9.0
3.0
6.0
10.0
0.0
5.0
9.0
8.0
3.0
15.0
5.0
11.0
-6.0
10.0
8.0
9.0
6.0
-1.0
7.0
14.0
-10.0
10.0
9.0
4.0
-3.0
10.0
-2.0
10.0
9.0
-4.0
-3.0
8.0
10.0
11.0
10.0
8.0
-4.0
4.0
-13.0
7.0
3.0
9.0
12.0
10.0
-11.0
2.0
8.0
6.0
9.0
10.0
9.0
5.0
9.0
12.0
4.0
7.0
10.0
5.0
5.0
11.0
12.0
-18.0
7.0
5.0
4.0
-6.0
8.0
10.0
6.0
5.0
9.0
10.0
12.0
7.0
12.0
13.0
3.0
-2.0
8.0
9.0
11.0
1.0
-14.0
10.0
-7.0
0.0
7.0
2.0
3.0
2.0
9.0
-2.0
9.0
7.0
3.0
6.0
3.0
7.0
8.0
7.0
4.0
8.0
-1.0
5.0
3.0
14.0
8.0
-4.0
7.0
10.0
13.0
9.0
8.0
9.0
7.0
7.0
8.0
9.0
7.0
7.0
10.0
9.0
4.0
8.0
6.0
9.0
-17.0
8.0
5.0
7.0
5.0
11.0
0.0
-2.0
4.0
4.0
-5.0
6.0
4.0
5.0
10.0
7.0
5.0
-1.0
7.0
6.0
1.0
11.0
9.0
9.0
-6.0
7.0
9.0
-1.0
7.0
3.0
5.0
4.0
10.0
8.0
11.0
8.0
4.0
10.0
-4.0
3.0
7.0
-4.0
9.0
-7.0
-2.0
6.0
4.0
5.0
9.0
11.0
-29.0
9.0
4.0
4.0
-4.0
-7.0
5.0
4.0
3.0
9.0
4.0
5.0
7.0
5.0
-6.0
-3.0
-4.0
5.0
4.0
0.0
3.0
3.0
8.0
9.0
6.0
11.0
9.0
7.0
11.0
7.0
6.0
-6.0
6.0
-4.0
8.0
9.0
-1.0
-5.0
-2.0
5.0
4.0
6.0
3.0
1.0
5.0
-4.0
5.0
8.0
14.0
6.0
9.0
3.0
-13.0
7.0
-5.0
15.0
9.0
6.0
5.0
-6.0
7.0
9.0
9.0
9.0
3.0
10.0
8.0
6.0
5.0
4.0
6.0
8.0
9.0
6.0
4.0
10.0
-7.0
10.0
10.0
8.0
2.0
8.0
4.0
5.0
8.0
8.0
-2.0
9.0
14.0
7.0
12.0
11.0
0.0
8.0
5.0
8.0
4.0
11.0
10.0
6.0
6.0
8.0
11.0
8.0
-10.0
12.0
12.0
10.0
9.0
0.0
8.0
-3.0
6.0
8.0
-5.0
-12.0
7.0
10.0
-6.0
5.0
12.0
9.0
14.0
4.0
7.0
6.0
3.0
5.0
10.0
5.0
6.0
0.0
5.0
8.0
10.0
8.0
-2.0
8.0
-6.0
5.0
9.0
3.0
6.0
10.0
-1.0
8.0
9.0
2.0
11.0
7.0
4.0
11.0
5.0
7.0
11.0
5.0
-2.0
5.0
12.0
9.0
-7.0
4.0
10.0
8.0
2.0
7.0
10.0
8.0
10.0
-1.0
-13.0
8.0
7.0
8.0
10.0
9.0
8.0
8.0
-6.0
11.0
8.0
-2.0
2.0
10.0
-1.0
-16.0
4.0
8.0
6.0
11.0
7.0
10.0
11.0
14.0
9.0
7.0
6.0
7.0
10.0
-3.0
10.0
-3.0
7.0
-3.0
11.0
3.0
3.0
10.0
6.0
7.0
9.0
6.0
7.0
9.0
7.0
5.0
10.0
8.0
9.0
6.0
5.0
8.0
8.0
10.0
8.0
-2.0
2.0
-3.0
8.0
2.0
3.0
9.0
6.0
5.0
8.0
7.0
8.0
-1.0
-9.0
4.0
1.0
3.0
7.0
2.0
4.0
11.0
-2.0
8.0
-4.0
4.0
5.0
6.0
-15.0
10.0
11.0
6.0
9.0
9.0
3.0
8.0
8.0
-5.0
4.0
10.0
6.0
8.0
9.0
5.0
4.0
13.0
8.0
6.0
-3.0
7.0
-6.0
9.0
4.0
6.0
10.0
3.0
0.0
-11.0
5.0
8.0
4.0
9.0
8.0
-5.0
7.0
10.0
6.0
3.0
2.0
5.0
6.0
10.0
-4.0
-5.0
13.0
4.0
-7.0
12.0
-38.0
9.0
5.0
5.0
-3.0
8.0
-4.0
8.0
7.0
-7.0
5.0
4.0
6.0
5.0
6.0
6.0
-1.0
9.0
7.0
7.0
11.0
7.0
10.0
3.0
6.0
4.0
4.0
6.0
5.0
-5.0
5.0
-2.0
8.0
2.0
5.0
5.0
-4.0
6.0
6.0
7.0
-14.0
-1.0
5.0
8.0
-3.0
9.0
7.0
9.0
8.0
-4.0
7.0
8.0
1.0
8.0
0.0
10.0
9.0
4.0
7.0
7.0
10.0
2.0
4.0
11.0
5.0
-6.0
6.0
6.0
-15.0
7.0
-6.0
0.0
4.0
-8.0
-36.0
8.0
12.0
3.0
4.0
-6.0
8.0
6.0
9.0
5.0
12.0
11.0
12.0
3.0
5.0
4.0
5.0
6.0
7.0
11.0
8.0
-1.0
10.0
-1.0
-11.0
9.0
5.0
13.0
1.0
3.0
12.0
12.0
-1.0
-6.0
7.0
0.0
3.0
4.0
8.0
10.0
7.0
8.0
12.0
9.0
5.0
2.0
7.0
7.0
-6.0
8.0
10.0
5.0
4.0
11.0
9.0
7.0
7.0
9.0
15.0
5.0
10.0
10.0
-3.0
2.0
9.0
-13.0
11.0
-6.0
5.0
8.0
1.0
8.0
10.0
6.0
15.0
8.0
7.0
-1.0
-3.0
9.0
3.0
6.0
7.0
7.0
9.0
10.0
6.0
9.0
5.0
8.0
4.0
6.0
-1.0
-2.0
-6.0
-4.0
7.0
2.0
-2.0
8.0
4.0
9.0
6.0
-1.0
4.0
6.0
5.0
4.0
3.0
5.0
6.0
-6.0
10.0
-8.0
6.0
11.0
4.0
2.0
8.0
10.0
6.0
15.0
8.0
11.0
-28.0
4.0
2.0
9.0
-2.0
8.0
6.0
7.0
1.0
9.0
7.0
9.0
10.0
4.0
-1.0
6.0
4.0
7.0
12.0
12.0
9.0
7.0
6.0
7.0
9.0
-1.0
7.0
7.0
4.0
9.0
13.0
-25.0
3.0
-7.0
8.0
14.0
11.0
9.0
11.0
4.0
10.0
6.0
4.0
3.0
5.0
5.0
11.0
10.0
-4.0
-5.0
6.0
-12.0
-16.0
12.0
-18.0
7.0
-6.0
11.0
12.0
6.0
7.0
8.0
12.0
-4.0
7.0
-3.0
9.0
6.0
3.0
6.0
11.0
15.0
5.0
9.0
10.0
10.0
6.0
8.0
5.0
6.0
4.0
11.0
9.0
6.0
5.0
-5.0
6.0
9.0
10.0
0.0
6.0
9.0
1.0
11.0
12.0
11.0
-3.0
3.0
12.0
10.0
7.0
9.0
4.0
11.0
10.0
9.0
11.0
11.0
7.0
4.0
-5.0
8.0
4.0
9.0
3.0
-1.0
8.0
8.0
7.0
5.0
6.0
8.0
-1.0
-3.0
6.0
9.0
0.0
-3.0
-1.0
-12.0
8.0
9.0
11.0
4.0
4.0
7.0
1.0
12.0
8.0
7.0
7.0
9.0
14.0
8.0
11.0
9.0
13.0
3.0
5.0
12.0
8.0
-16.0
11.0
9.0
6.0
3.0
7.0
2.0
6.0
11.0
6.0
5.0
11.0
11.0
9.0
3.0
7.0
12.0
2.0
13.0
9.0
2.0
-3.0
11.0
10.0
7.0
5.0
9.0
7.0
10.0
7.0
5.0
9.0
7.0
7.0
-5.0
12.0
12.0
5.0
7.0
7.0
4.0
7.0
11.0
-14.0
6.0
13.0
10.0
6.0
-7.0
13.0
8.0
7.0
6.0
6.0
10.0
5.0
12.0
-12.0
9.0
5.0
7.0
2.0
5.0
-13.0
10.0
2.0
13.0
-6.0
1.0
3.0
4.0
13.0
-9.0
12.0
4.0
9.0
8.0
4.0
13.0
13.0
1.0
9.0
13.0
12.0
-2.0
8.0
7.0
9.0
3.0
12.0
14.0
8.0
8.0
-10.0
13.0
-7.0
2.0
11.0
8.0
6.0
11.0
7.0
9.0
3.0
-2.0
-6.0
7.0
11.0
8.0
9.0
6.0
3.0
-4.0
7.0
5.0
1.0
1.0
7.0
7.0
12.0
7.0
9.0
-5.0
4.0
4.0
11.0
7.0
5.0
4.0
11.0
7.0
9.0
8.0
10.0
3.0
12.0
7.0
5.0
9.0
9.0
7.0
6.0
6.0
3.0
8.0
10.0
10.0
12.0
5.0
10.0
9.0
12.0
8.0
9.0
8.0
10.0
8.0
6.0
7.0
7.0
9.0
6.0
6.0
11.0
12.0
14.0
6.0
8.0
-4.0
-6.0
9.0
-6.0
6.0
11.0
6.0
-8.0
3.0
7.0
7.0
10.0
8.0
10.0
9.0
7.0
8.0
10.0
12.0
-9.0
9.0
7.0
4.0
0.0
5.0
-22.0
6.0
5.0
14.0
-6.0
4.0
10.0
9.0
7.0
6.0
6.0
10.0
7.0
8.0
0.0
14.0
3.0
7.0
11.0
8.0
6.0
1.0
6.0
14.0
4.0
6.0
8.0
11.0
7.0
6.0
14.0
-1.0
7.0
5.0
13.0
-4.0
11.0
2.0
8.0
12.0
14.0
5.0
7.0
5.0
5.0
11.0
4.0
-5.0
6.0
3.0
8.0
3.0
4.0
5.0
4.0
7.0
10.0
2.0
5.0
3.0
10.0
-6.0
-8.0
13.0
8.0
9.0
-4.0
13.0
7.0
7.0
7.0
8.0
6.0
11.0
-4.0
5.0
9.0
11.0
13.0
7.0
9.0
0.0
8.0
3.0
-1.0
6.0
-1.0
8.0
7.0
-5.0
12.0
3.0
7.0
11.0
10.0
8.0
5.0
-7.0
-2.0
3.0
-3.0
4.0
9.0
3.0
9.0
12.0
-5.0
10.0
8.0
6.0
12.0
10.0
3.0
11.0
8.0
4.0
5.0
8.0
-5.0
11.0
9.0
6.0
3.0
-5.0
5.0
8.0
-6.0
6.0
13.0
7.0
-13.0
-2.0
10.0
9.0
14.0
4.0
9.0
-3.0
5.0
-11.0
5.0
6.0
9.0
-6.0
5.0
9.0
3.0
4.0
7.0
7.0
12.0
9.0
-3.0
5.0
12.0
3.0
2.0
8.0
3.0
7.0
-2.0
-11.0
5.0
0.0
7.0
11.0
4.0
8.0
8.0
10.0
-2.0
-1.0
5.0
7.0
7.0
10.0
2.0
-4.0
7.0
4.0
-1.0
9.0
7.0
8.0
9.0
10.0
4.0
9.0
8.0
6.0
7.0
7.0
7.0
8.0
4.0
11.0
-5.0
4.0
6.0
5.0
-5.0
6.0
5.0
8.0
3.0
10.0
4.0
-4.0
4.0
12.0
9.0
7.0
9.0
6.0
7.0
-2.0
6.0
7.0
6.0
5.0
8.0
7.0
4.0
-9.0
4.0
7.0
7.0
4.0
13.0
0.0
8.0
10.0
6.0
5.0
10.0
-3.0
7.0
4.0
11.0
6.0
7.0
-2.0
2.0
6.0
8.0
3.0
-2.0
10.0
-7.0
0.0
14.0
7.0
13.0
10.0
11.0
11.0
13.0
5.0
7.0
1.0
8.0
-5.0
9.0
5.0
5.0
8.0
7.0
6.0
7.0
-3.0
6.0
9.0
5.0
10.0
7.0
0.0
6.0
15.0
6.0
5.0
6.0
6.0
5.0
9.0
3.0
7.0
4.0
7.0
6.0
8.0
8.0
10.0
6.0
9.0
1.0
8.0
8.0
7.0
14.0
5.0
-6.0
8.0
12.0
10.0
5.0
4.0
0.0
11.0
4.0
7.0
7.0
3.0
-17.0
14.0
9.0
11.0
-6.0
6.0
4.0
6.0
10.0
6.0
12.0
6.0
8.0
8.0
10.0
5.0
13.0
14.0
6.0
1.0
9.0
4.0
8.0
7.0
-3.0
-4.0
7.0
4.0
6.0
10.0
7.0
4.0
3.0
10.0
8.0
5.0
5.0
10.0
-13.0
7.0
6.0
-4.0
4.0
3.0
5.0
10.0
-7.0
8.0
11.0
13.0
6.0
11.0
0.0
12.0
3.0
3.0
11.0
5.0
7.0
4.0
5.0
7.0
6.0
-5.0
1.0
-7.0
6.0
10.0
11.0
6.0
11.0
9.0
6.0
8.0
7.0
14.0
6.0
7.0
11.0
-5.0
6.0
7.0
8.0
1.0
6.0
-3.0
8.0
8.0
7.0
0.0
15.0
11.0
-1.0
12.0
1.0
11.0
11.0
4.0
2.0
9.0
14.0
11.0
7.0
2.0
8.0
7.0
7.0
7.0
13.0
8.0
7.0
-11.0
13.0
10.0
10.0
8.0
9.0
11.0
8.0
1.0
9.0
8.0
5.0
5.0
6.0
10.0
0.0
0.0
10.0
7.0
7.0
5.0
-9.0
10.0
-5.0
8.0
10.0
11.0
10.0
6.0
-5.0
-4.0
5.0
5.0
5.0
10.0
8.0
13.0
11.0
10.0
1.0
12.0
6.0
2.0
8.0
7.0
6.0
9.0
7.0
-5.0
9.0
7.0
7.0
-6.0
12.0
11.0
5.0
-6.0
-3.0
10.0
6.0
5.0
9.0
13.0
2.0
9.0
6.0
5.0
4.0
14.0
5.0
5.0
5.0
-8.0
-16.0
7.0
11.0
7.0
-4.0
10.0
10.0
3.0
9.0
9.0
10.0
10.0
6.0
-1.0
9.0
5.0
4.0
8.0
9.0
6.0
11.0
7.0
-2.0
5.0
4.0
8.0
12.0
8.0
7.0
5.0
8.0
12.0
6.0
-2.0
4.0
8.0
3.0
8.0
10.0
6.0
8.0
7.0
7.0
10.0
8.0
3.0
7.0
8.0
11.0
5.0
11.0
12.0
7.0
2.0
9.0
-6.0
8.0
-3.0
9.0
8.0
-4.0
4.0
2.0
6.0
5.0
2.0
5.0
8.0
10.0
8.0
5.0
3.0
7.0
5.0
5.0
-5.0
14.0
-1.0
6.0
9.0
12.0
6.0
7.0
8.0
-17.0
8.0
5.0
-6.0
-2.0
6.0
5.0
13.0
-10.0
7.0
7.0
-6.0
12.0
5.0
9.0
4.0
2.0
4.0
-5.0
9.0
10.0
2.0
5.0
8.0
7.0
12.0
14.0
5.0
7.0
8.0
-4.0
12.0
8.0
8.0
7.0
10.0
9.0
7.0
7.0
8.0
6.0
-1.0
7.0
12.0
10.0
4.0
8.0
7.0
10.0
9.0
-13.0
5.0
3.0
15.0
9.0
4.0
9.0
0.0
11.0
7.0
8.0
7.0
8.0
5.0
8.0
-4.0
10.0
-1.0
8.0
12.0
5.0
4.0
10.0
6.0
10.0
-16.0
8.0
9.0
14.0
8.0
6.0
5.0
8.0
13.0
6.0
7.0
11.0
10.0
6.0
6.0
11.0
4.0
9.0
9.0
5.0
7.0
6.0
10.0
-5.0
8.0
-5.0
7.0
8.0
4.0
-4.0
7.0
7.0
9.0
9.0
9.0
7.0
6.0
4.0
-6.0
3.0
12.0
7.0
12.0
-1.0
-4.0
-5.0
7.0
7.0
7.0
-14.0
7.0
8.0
7.0
6.0
-5.0
1.0
5.0
8.0
6.0
5.0
6.0
2.0
-5.0
5.0
-3.0
8.0
13.0
10.0
12.0
7.0
0.0
5.0
10.0
6.0
7.0
6.0
10.0
-7.0
3.0
5.0
11.0
10.0
-8.0
5.0
9.0
9.0
10.0
4.0
-1.0
9.0
5.0
7.0
9.0
-4.0
5.0
4.0
8.0
5.0
1.0
10.0
3.0
8.0
-2.0
7.0
4.0
10.0
10.0
-6.0
9.0
10.0
9.0
8.0
8.0
-1.0
-4.0
5.0
11.0
5.0
-3.0
8.0
13.0
9.0
11.0
8.0
9.0
8.0
5.0
3.0
0.0
7.0
11.0
9.0
11.0
6.0
0.0
5.0
9.0
8.0
7.0
7.0
0.0
9.0
8.0
6.0
11.0
-2.0
8.0
11.0
15.0
-11.0
9.0
7.0
4.0
3.0
9.0
4.0
5.0
7.0
7.0
14.0
5.0
12.0
6.0
12.0
12.0
10.0
-2.0
7.0
6.0
7.0
14.0
5.0
4.0
2.0
7.0
8.0
-8.0
6.0
6.0
5.0
-30.0
8.0
13.0
12.0
4.0
5.0
8.0
6.0
9.0
10.0
-3.0
6.0
6.0
6.0
3.0
11.0
-25.0
-3.0
13.0
4.0
9.0
7.0
6.0
