-635.0
-857.0
-848.0
-695.0
-857.0
-695.0
-866.0
-794.0
-785.0
-794.0
-839.0
-767.0
-758.0
-722.0
-767.0
-812.0
-678.0
-767.0
-722.0
-794.0
-875.0
-389.0
-794.0
-848.0
-794.0
-713.0
-758.0
-623.0
-581.0
-695.0
-884.0
-812.0
-623.0
-749.0
-776.0
-713.0
-511.0
-686.0
-794.0
-767.0
-749.0
-704.0
-587.0
-830.0
-767.0
-659.0
-323.0
-767.0
-650.0
-632.0
-731.0
-758.0
-731.0
-695.0
-767.0
-659.0
-740.0
-767.0
-821.0
-740.0
-704.0
-713.0
-686.0
-785.0
-677.0
-704.0
-713.0
-776.0
-704.0
-559.0
-785.0
-713.0
-695.0
-623.0
-695.0
-284.0
-758.0
-767.0
-803.0
-677.0
-785.0
-758.0
-546.0
-677.0
-659.0
-686.0
-641.0
-686.0
-695.0
-686.0
-668.0
-713.0
-659.0
-569.0
-695.0
-668.0
-650.0
-614.0
-767.0
-686.0
-605.0
-623.0
-641.0
-686.0
-758.0
-704.0
-776.0
-623.0
-749.0
-776.0
-668.0
-731.0
-668.0
-722.0
-605.0
-659.0
-578.0
-713.0
-650.0
-542.0
-704.0
-722.0
-668.0
-740.0
-659.0
-767.0
-569.0
-551.0
-785.0
-650.0
-749.0
-524.0
-515.0
-542.0
-758.0
-614.0
-587.0
-668.0
-677.0
-605.0
-605.0
-578.0
-605.0
-623.0
-497.0
-542.0
-686.0
-650.0
-578.0
-605.0
-533.0
-632.0
-641.0
-623.0
-623.0
-650.0
-650.0
-704.0
-542.0
-641.0
-650.0
-569.0
-560.0
-704.0
-650.0
-668.0
-704.0
-731.0
-596.0
-569.0
-569.0
-641.0
-479.0
-614.0
-596.0
-605.0
-560.0
-650.0
-677.0
-686.0
-686.0
-587.0
-515.0
-641.0
-488.0
-551.0
-587.0
-551.0
-605.0
-695.0
-623.0
-569.0
-641.0
-578.0
-560.0
-632.0
-632.0
-452.0
-704.0
-587.0
-560.0
-587.0
-452.0
-533.0
-542.0
-614.0
-533.0
-668.0
-623.0
-551.0
-512.0
-461.0
-533.0
-569.0
-578.0
-623.0
-641.0
-623.0
-578.0
-488.0
-650.0
-533.0
-596.0
-551.0
-533.0
-195.0
-515.0
-524.0
-695.0
-578.0
-515.0
-470.0
-479.0
-569.0
-668.0
-596.0
-452.0
-479.0
-452.0
-632.0
-515.0
-587.0
-659.0
-551.0
-497.0
-569.0
-542.0
-221.0
-398.0
-506.0
-542.0
-524.0
-587.0
-470.0
-515.0
-497.0
-524.0
-497.0
-569.0
-515.0
-560.0
-488.0
-506.0
-479.0
-596.0
-605.0
-506.0
-569.0
-470.0
-569.0
-479.0
-443.0
-533.0
-497.0
-578.0
-605.0
-569.0
-596.0
-515.0
-569.0
-632.0
-533.0
-524.0
-542.0
-123.0
-587.0
-479.0
-578.0
-452.0
-578.0
-569.0
-506.0
-479.0
-596.0
-623.0
-515.0
-488.0
-506.0
-542.0
-551.0
-497.0
-488.0
-461.0
-470.0
-542.0
-596.0
-533.0
-425.0
-542.0
-614.0
-506.0
-587.0
-659.0
-596.0
-506.0
-515.0
-470.0
-479.0
-461.0
-569.0
-515.0
-461.0
-488.0
-461.0
-560.0
-506.0
-382.0
-542.0
-470.0
-479.0
-470.0
-560.0
-506.0
-434.0
-488.0
-371.0
-339.0
-488.0
-533.0
-488.0
-479.0
-524.0
-470.0
-434.0
-407.0
-416.0
-515.0
-533.0
-461.0
-470.0
-533.0
-461.0
-488.0
-306.0
-479.0
-434.0
-506.0
-542.0
-466.0
-479.0
-470.0
-551.0
-434.0
-380.0
-461.0
-488.0
-470.0
-578.0
-470.0
-578.0
-114.0
-551.0
-407.0
-479.0
-497.0
-425.0
-551.0
-506.0
-524.0
-360.0
-623.0
-398.0
-551.0
-497.0
-470.0
-479.0
-461.0
-461.0
-542.0
-560.0
-452.0
-443.0
-256.0
-434.0
-434.0
-416.0
-569.0
-398.0
-434.0
-434.0
-425.0
-560.0
-425.0
-416.0
-152.0
-479.0
-488.0
-380.0
-407.0
-357.0
-443.0
-443.0
-387.0
-434.0
-398.0
-380.0
-479.0
-443.0
-524.0
-497.0
-452.0
-434.0
-425.0
-452.0
-506.0
-266.0
-389.0
-614.0
-407.0
-497.0
-470.0
-344.0
-452.0
-389.0
-371.0
-398.0
-452.0
-398.0
-470.0
-380.0
-25.0
-371.0
-407.0
-443.0
-434.0
-416.0
-434.0
-434.0
-212.0
-425.0
-425.0
-470.0
-479.0
-398.0
-443.0
-371.0
-416.0
-425.0
-399.0
-488.0
-407.0
-416.0
-443.0
-524.0
-434.0
-398.0
-515.0
-1038.0
-133.0
-434.0
-380.0
-353.0
-371.0
-371.0
-389.0
-407.0
-362.0
-443.0
-398.0
-371.0
-121.0
-443.0
-63.0
-344.0
-416.0
-425.0
-90.0
-416.0
-425.0
-425.0
-470.0
-299.0
-425.0
-299.0
-443.0
-452.0
-416.0
-434.0
-317.0
-452.0
-443.0
-398.0
-389.0
-407.0
-380.0
-335.0
-326.0
-407.0
-321.0
-344.0
-416.0
-398.0
-335.0
-100.0
-434.0
-488.0
-425.0
-380.0
-425.0
-416.0
-407.0
-443.0
-452.0
-533.0
-335.0
-353.0
-398.0
-371.0
-389.0
-416.0
-344.0
-407.0
-335.0
-434.0
-416.0
-416.0
-515.0
-479.0
-398.0
-398.0
-443.0
-416.0
-371.0
-434.0
-389.0
-335.0
-389.0
-380.0
-470.0
-398.0
-452.0
-380.0
-389.0
-407.0
-335.0
-380.0
-335.0
-371.0
-308.0
-407.0
-362.0
-353.0
-425.0
-344.0
-362.0
-371.0
-362.0
-434.0
-326.0
-371.0
-344.0
-353.0
-326.0
-344.0
-434.0
-308.0
-425.0
-407.0
-389.0
-335.0
-380.0
-362.0
-362.0
-326.0
-389.0
-425.0
-344.0
-407.0
-362.0
-416.0
-416.0
-326.0
-317.0
-434.0
-425.0
-524.0
-389.0
-317.0
-353.0
-380.0
-344.0
-389.0
-299.0
-407.0
-398.0
-380.0
-344.0
-326.0
-264.0
-371.0
-290.0
-335.0
-434.0
-371.0
-326.0
-362.0
-344.0
-290.0
-335.0
-344.0
-407.0
-371.0
-353.0
-353.0
-353.0
-362.0
-424.0
-326.0
-299.0
-407.0
-335.0
-407.0
-380.0
-362.0
-371.0
-344.0
-362.0
-299.0
-353.0
-335.0
-308.0
-236.0
-308.0
-434.0
-362.0
-389.0
-335.0
-335.0
-434.0
-398.0
-88.0
-353.0
-308.0
-353.0
-326.0
-443.0
-362.0
-326.0
-416.0
-362.0
-263.0
-272.0
-407.0
-94.0
-425.0
-299.0
-335.0
-344.0
-290.0
-263.0
-326.0
-362.0
-416.0
-263.0
-335.0
-217.0
-398.0
-272.0
-389.0
-326.0
-281.0
-317.0
-362.0
-61.0
-272.0
-362.0
-236.0
-362.0
-245.0
-389.0
-326.0
-344.0
-308.0
-290.0
-317.0
-317.0
-326.0
-263.0
-326.0
-25.0
-281.0
-344.0
-290.0
-335.0
-251.0
-398.0
-326.0
-298.0
-245.0
-71.0
-308.0
-213.0
-308.0
-274.0
-308.0
-254.0
-371.0
-344.0
-301.0
-241.0
-362.0
-193.0
-304.0
-245.0
-1.0
-104.0
-205.0
-326.0
-317.0
-173.0
-54.0
-335.0
-263.0
-344.0
-308.0
-326.0
-89.0
-335.0
-133.0
-1.0
-290.0
-344.0
-272.0
-317.0
-335.0
-308.0
-166.0
-344.0
-362.0
-398.0
-344.0
-22.0
-125.0
-308.0
-144.0
-362.0
-353.0
-164.0
-344.0
-317.0
-254.0
-299.0
-362.0
-308.0
-362.0
-104.0
-272.0
2.0
-65.0
-281.0
-24.0
-281.0
-299.0
-281.0
-20.0
-290.0
-317.0
-281.0
-317.0
-308.0
-124.0
-326.0
-256.0
-40.0
-23.0
-118.0
-25.0
-290.0
-122.0
-281.0
-344.0
-86.0
-290.0
-8.0
-195.0
-263.0
-353.0
9.0
12.0
-7.0
-281.0
-200.0
-164.0
15.0
-380.0
-254.0
-39.0
-317.0
-290.0
-192.0
-407.0
-299.0
-290.0
-281.0
-114.0
-281.0
-159.0
-88.0
-27.0
-317.0
-34.0
13.0
-317.0
-272.0
-344.0
-290.0
-335.0
-308.0
-26.0
10.0
10.0
-281.0
-32.0
-13.0
1.0
-24.0
-299.0
-10.0
-4.0
-3.0
-9.0
-290.0
-51.0
12.0
0.0
-299.0
-12.0
-299.0
-299.0
-281.0
-245.0
-110.0
-299.0
-164.0
-299.0
-335.0
3.0
-290.0
-83.0
-362.0
-371.0
-42.0
-281.0
-308.0
-254.0
-299.0
-35.0
-326.0
-353.0
-263.0
-142.0
-326.0
-33.0
-299.0
-290.0
2.0
-236.0
-42.0
-281.0
-118.0
-281.0
-23.0
-317.0
-281.0
-290.0
-12.0
-281.0
-308.0
-272.0
-281.0
-245.0
15.0
-353.0
-248.0
-263.0
-371.0
-158.0
-308.0
-97.0
4.0
-290.0
-19.0
-50.0
-53.0
-308.0
-335.0
-308.0
-299.0
-207.0
-167.0
-15.0
-371.0
-89.0
-344.0
-272.0
-317.0
-70.0
-290.0
-65.0
-326.0
-20.0
-209.0
-57.0
-353.0
-317.0
-245.0
-308.0
-299.0
-308.0
-308.0
-158.0
-317.0
-13.0
-326.0
-281.0
-299.0
-143.0
-9.0
-83.0
-272.0
-23.0
-308.0
-290.0
-137.0
1.0
-245.0
-98.0
-223.0
-290.0
-195.0
-128.0
-263.0
-245.0
-281.0
-4.0
-263.0
-245.0
-8.0
-317.0
-36.0
-101.0
-95.0
6.0
-308.0
-317.0
-3.0
-38.0
-317.0
-272.0
-26.0
-58.0
-50.0
-7.0
-7.0
-235.0
1.0
12.0
-272.0
7.0
-112.0
-10.0
-317.0
-281.0
-281.0
-27.0
-371.0
-44.0
-152.0
-66.0
-11.0
-308.0
-272.0
-41.0
8.0
-66.0
-7.0
-254.0
-60.0
-281.0
-263.0
-245.0
-23.0
2.0
-236.0
-115.0
-34.0
-245.0
-254.0
11.0
-1.0
-227.0
6.0
-139.0
-272.0
-290.0
-80.0
-10.0
10.0
-27.0
-272.0
-263.0
-7.0
-272.0
9.0
-230.0
-272.0
-16.0
-32.0
-290.0
-18.0
-104.0
-290.0
-15.0
-272.0
-272.0
-290.0
-857.0
-281.0
-34.0
-299.0
-20.0
-245.0
-245.0
-272.0
-2.0
-6.0
-19.0
-299.0
6.0
-263.0
-272.0
-227.0
-218.0
-290.0
-56.0
-10.0
-47.0
-380.0
-32.0
-146.0
-263.0
-299.0
-57.0
-236.0
-216.0
9.0
-263.0
-127.0
-299.0
-67.0
-254.0
-155.0
1.0
-245.0
-80.0
-98.0
-185.0
-12.0
2.0
-13.0
-281.0
-236.0
-272.0
-88.0
0.0
-42.0
-35.0
-308.0
-8.0
-136.0
-115.0
-201.0
-263.0
-308.0
-254.0
-81.0
-95.0
-121.0
-263.0
-272.0
10.0
-100.0
-163.0
-245.0
-281.0
-205.0
-87.0
-107.0
-272.0
-11.0
-254.0
-245.0
-179.0
-52.0
-80.0
-34.0
-254.0
-19.0
-44.0
-35.0
-47.0
-254.0
-36.0
-299.0
-290.0
-17.0
-174.0
-245.0
-246.0
-317.0
-245.0
-38.0
-15.0
-245.0
-13.0
-17.0
5.0
-146.0
-6.0
-254.0
-74.0
-236.0
-155.0
-156.0
-245.0
7.0
-19.0
-27.0
-7.0
-13.0
5.0
-4.0
8.0
-272.0
0.0
-117.0
-4.0
2.0
-2.0
-218.0
-70.0
6.0
-236.0
-254.0
-290.0
-11.0
-254.0
-227.0
-245.0
-227.0
2.0
4.0
6.0
-181.0
10.0
5.0
-290.0
10.0
-18.0
3.0
5.0
-218.0
-173.0
-236.0
-272.0
-175.0
-35.0
-94.0
-21.0
-36.0
-10.0
-40.0
-254.0
5.0
-34.0
-77.0
-20.0
4.0
1.0
-50.0
-2.0
-218.0
-4.0
-236.0
-170.0
-130.0
-14.0
-254.0
-36.0
-245.0
-263.0
-254.0
-1.0
-254.0
-120.0
-175.0
2.0
-272.0
-263.0
-263.0
-11.0
-188.0
-88.0
-227.0
-263.0
-7.0
-263.0
-254.0
-236.0
-632.0
-39.0
-227.0
-1100.0
-218.0
-227.0
-254.0
-42.0
-272.0
-227.0
-218.0
-254.0
-236.0
-254.0
-218.0
-200.0
-227.0
-236.0
-218.0
-254.0
-263.0
-42.0
-245.0
-218.0
-254.0
-254.0
-272.0
-150.0
-245.0
-227.0
-290.0
-254.0
-254.0
-254.0
-93.0
-245.0
-281.0
-272.0
-236.0
-254.0
-254.0
-227.0
-218.0
-272.0
-254.0
-317.0
-290.0
-227.0
-245.0
-254.0
-236.0
-236.0
-216.0
-236.0
-488.0
-245.0
-245.0
-218.0
-218.0
-227.0
-263.0
-219.0
-1.0
-254.0
-254.0
-263.0
-263.0
-65.0
-236.0
-218.0
-245.0
-236.0
-254.0
-236.0
-236.0
-245.0
-227.0
-198.0
-2.0
-290.0
4.0
-158.0
-116.0
-236.0
-8.0
-245.0
-218.0
-245.0
-39.0
-176.0
-187.0
-236.0
-227.0
-72.0
-254.0
-227.0
-218.0
-245.0
-227.0
-48.0
-236.0
-245.0
-254.0
-42.0
-28.0
-236.0
10.0
-236.0
-218.0
-209.0
-236.0
-218.0
-263.0
-43.0
5.0
12.0
7.0
-200.0
-209.0
-245.0
-227.0
-236.0
-236.0
-227.0
-263.0
-39.0
-180.0
10.0
-227.0
-245.0
-227.0
-81.0
-254.0
-76.0
-51.0
-227.0
-4.0
-80.0
-227.0
-695.0
-15.0
-146.0
-175.0
-41.0
11.0
-227.0
8.0
-148.0
-254.0
-227.0
-43.0
-263.0
-218.0
-236.0
-37.0
-98.0
10.0
-44.0
-127.0
-2.0
-37.0
-56.0
-20.0
7.0
2.0
-144.0
-11.0
-141.0
-254.0
12.0
2.0
4.0
7.0
-3.0
-139.0
9.0
-15.0
-227.0
-245.0
-263.0
-227.0
-89.0
-55.0
-5.0
-15.0
-254.0
-28.0
-209.0
-14.0
1.0
4.0
-236.0
-245.0
-254.0
1.0
7.0
-254.0
-52.0
-65.0
-227.0
-163.0
-227.0
-227.0
-37.0
-245.0
-82.0
-128.0
-126.0
-227.0
-22.0
4.0
-27.0
-199.0
2.0
12.0
-55.0
-72.0
7.0
-254.0
-74.0
4.0
2.0
-133.0
-209.0
3.0
9.0
-5.0
-120.0
-20.0
-11.0
-227.0
10.0
-7.0
5.0
-13.0
-227.0
-245.0
14.0
-39.0
-145.0
-9.0
-9.0
-8.0
11.0
-236.0
-7.0
9.0
-218.0
1.0
-87.0
7.0
4.0
4.0
-227.0
-209.0
4.0
2.0
-7.0
-236.0
11.0
-3.0
11.0
-8.0
9.0
-218.0
-4.0
-227.0
-8.0
4.0
12.0
8.0
-201.0
-17.0
1.0
-22.0
5.0
-177.0
2.0
-227.0
-93.0
9.0
14.0
-227.0
-47.0
7.0
-227.0
9.0
-245.0
-1.0
-209.0
-90.0
-218.0
-164.0
-85.0
5.0
3.0
-70.0
-68.0
8.0
12.0
9.0
-254.0
8.0
-22.0
-4.0
2.0
8.0
2.0
6.0
13.0
7.0
-24.0
5.0
-43.0
7.0
2.0
-69.0
-83.0
1.0
-180.0
-218.0
6.0
8.0
9.0
-20.0
-227.0
7.0
7.0
-4.0
-68.0
8.0
-34.0
-198.0
-218.0
-70.0
6.0
6.0
8.0
-200.0
-227.0
13.0
9.0
9.0
-29.0
-152.0
-150.0
-218.0
-136.0
-227.0
-28.0
-3.0
7.0
12.0
7.0
-186.0
4.0
8.0
11.0
13.0
-6.0
11.0
7.0
-146.0
-245.0
-254.0
7.0
-134.0
9.0
-43.0
4.0
7.0
-3.0
6.0
-1.0
13.0
-236.0
-7.0
-3.0
-227.0
-27.0
6.0
-245.0
-159.0
12.0
-11.0
12.0
-87.0
8.0
-86.0
-92.0
-147.0
7.0
-236.0
-2.0
8.0
-209.0
-236.0
3.0
-227.0
6.0
11.0
-131.0
3.0
1.0
-17.0
4.0
10.0
3.0
8.0
3.0
-6.0
-200.0
11.0
9.0
6.0
-6.0
10.0
-50.0
-18.0
6.0
-55.0
-227.0
-236.0
7.0
-7.0
-209.0
-10.0
-218.0
6.0
-95.0
10.0
5.0
7.0
9.0
9.0
13.0
-66.0
-218.0
-200.0
8.0
8.0
7.0
14.0
7.0
-135.0
11.0
12.0
14.0
9.0
8.0
7.0
-59.0
3.0
7.0
-8.0
6.0
-11.0
-57.0
-218.0
8.0
-236.0
-2.0
-7.0
4.0
1.0
11.0
-30.0
15.0
-18.0
-236.0
13.0
-53.0
8.0
8.0
-154.0
9.0
13.0
9.0
9.0
10.0
-2.0
12.0
9.0
8.0
12.0
-209.0
5.0
-218.0
-49.0
-236.0
8.0
10.0
-227.0
-3.0
6.0
0.0
11.0
6.0
13.0
-47.0
-12.0
-2.0
-71.0
-42.0
5.0
7.0
-142.0
11.0
6.0
14.0
11.0
9.0
10.0
7.0
-66.0
-227.0
-15.0
6.0
-2.0
11.0
4.0
-6.0
-67.0
10.0
9.0
4.0
-12.0
8.0
11.0
5.0
-97.0
5.0
0.0
10.0
9.0
-218.0
-2.0
-16.0
7.0
3.0
9.0
-25.0
2.0
12.0
10.0
7.0
5.0
7.0
-200.0
4.0
4.0
-94.0
10.0
-227.0
6.0
-209.0
14.0
5.0
-209.0
-4.0
2.0
7.0
-190.0
-69.0
7.0
-42.0
-209.0
2.0
9.0
-91.0
-200.0
7.0
11.0
8.0
9.0
9.0
7.0
5.0
-279.0
12.0
-2.0
-200.0
-51.0
11.0
-218.0
15.0
11.0
-3.0
7.0
6.0
-128.0
-209.0
10.0
-218.0
5.0
-209.0
-209.0
10.0
-60.0
-13.0
4.0
15.0
-157.0
-4.0
-114.0
-218.0
1.0
6.0
-12.0
2.0
9.0
-26.0
-61.0
-68.0
1.0
4.0
-33.0
-2.0
7.0
2.0
6.0
7.0
6.0
-7.0
-10.0
12.0
2.0
-67.0
-8.0
5.0
10.0
10.0
-12.0
7.0
4.0
10.0
14.0
-19.0
3.0
6.0
10.0
10.0
13.0
-2.0
4.0
7.0
5.0
4.0
-7.0
12.0
11.0
6.0
7.0
10.0
8.0
11.0
4.0
10.0
4.0
4.0
9.0
-93.0
8.0
3.0
6.0
-9.0
12.0
-200.0
0.0
5.0
-200.0
8.0
-47.0
6.0
-27.0
-28.0
6.0
5.0
10.0
4.0
4.0
5.0
10.0
-218.0
6.0
14.0
4.0
9.0
-132.0
-63.0
4.0
10.0
11.0
-71.0
1.0
10.0
9.0
7.0
-6.0
10.0
12.0
8.0
-28.0
8.0
-218.0
-218.0
-139.0
6.0
12.0
14.0
5.0
8.0
-14.0
8.0
10.0
10.0
-189.0
12.0
9.0
4.0
10.0
9.0
1.0
-245.0
7.0
10.0
10.0
6.0
14.0
9.0
11.0
-25.0
13.0
10.0
15.0
-3.0
-149.0
13.0
11.0
-18.0
10.0
2.0
13.0
10.0
11.0
9.0
1.0
8.0
4.0
9.0
-16.0
-1.0
8.0
8.0
7.0
7.0
-33.0
10.0
7.0
11.0
5.0
6.0
4.0
5.0
13.0
9.0
7.0
8.0
6.0
8.0
-9.0
10.0
3.0
-26.0
9.0
-14.0
6.0
8.0
7.0
-227.0
-209.0
7.0
-4.0
8.0
7.0
6.0
-1.0
6.0
10.0
11.0
7.0
6.0
3.0
14.0
7.0
6.0
6.0
0.0
9.0
11.0
-65.0
12.0
0.0
3.0
4.0
4.0
8.0
-3.0
11.0
-5.0
2.0
-33.0
8.0
12.0
6.0
-43.0
6.0
-22.0
10.0
-8.0
6.0
12.0
3.0
9.0
5.0
-27.0
-16.0
3.0
11.0
5.0
7.0
7.0
7.0
-46.0
7.0
8.0
12.0
9.0
9.0
-7.0
9.0
6.0
-102.0
-65.0
6.0
3.0
-4.0
-5.0
-2.0
9.0
5.0
5.0
-209.0
7.0
4.0
11.0
10.0
5.0
-2.0
3.0
5.0
3.0
-21.0
11.0
10.0
8.0
11.0
5.0
6.0
6.0
9.0
10.0
7.0
2.0
-209.0
4.0
6.0
-2.0
1.0
9.0
8.0
11.0
6.0
3.0
-200.0
-38.0
-16.0
3.0
10.0
-25.0
-2.0
-209.0
6.0
-47.0
3.0
10.0
5.0
8.0
0.0
5.0
11.0
13.0
10.0
-9.0
-10.0
4.0
6.0
9.0
6.0
-51.0
-3.0
8.0
6.0
8.0
-35.0
9.0
6.0
-121.0
5.0
7.0
10.0
-66.0
15.0
9.0
5.0
11.0
-55.0
9.0
7.0
6.0
6.0
7.0
-1.0
7.0
11.0
6.0
9.0
4.0
9.0
10.0
3.0
8.0
6.0
10.0
11.0
1.0
-200.0
3.0
-22.0
11.0
-200.0
6.0
3.0
6.0
-129.0
5.0
0.0
-178.0
3.0
5.0
8.0
8.0
8.0
8.0
5.0
13.0
6.0
7.0
11.0
6.0
10.0
7.0
6.0
6.0
7.0
4.0
10.0
6.0
12.0
3.0
12.0
4.0
11.0
3.0
10.0
8.0
8.0
4.0
7.0
12.0
11.0
-102.0
7.0
4.0
7.0
11.0
11.0
10.0
7.0
11.0
7.0
1.0
-6.0
9.0
12.0
6.0
15.0
12.0
10.0
8.0
6.0
5.0
10.0
10.0
8.0
1.0
12.0
5.0
9.0
8.0
7.0
3.0
10.0
12.0
9.0
6.0
12.0
11.0
-2.0
11.0
8.0
8.0
8.0
11.0
-209.0
4.0
5.0
6.0
-1.0
8.0
9.0
9.0
9.0
-200.0
8.0
6.0
10.0
6.0
-41.0
-14.0
9.0
8.0
3.0
7.0
8.0
3.0
-24.0
8.0
11.0
7.0
5.0
10.0
11.0
1.0
-6.0
10.0
-1.0
7.0
9.0
6.0
4.0
11.0
10.0
9.0
7.0
7.0
6.0
-117.0
10.0
4.0
9.0
9.0
11.0
6.0
6.0
-31.0
6.0
9.0
3.0
6.0
9.0
7.0
14.0
4.0
10.0
10.0
-4.0
-70.0
4.0
8.0
4.0
6.0
10.0
8.0
9.0
8.0
-19.0
-200.0
-61.0
13.0
5.0
5.0
-12.0
12.0
6.0
6.0
10.0
-11.0
5.0
8.0
8.0
-7.0
7.0
5.0
8.0
9.0
11.0
10.0
7.0
6.0
11.0
4.0
8.0
-209.0
4.0
14.0
-1.0
-81.0
13.0
-200.0
11.0
8.0
2.0
6.0
-12.0
9.0
-1.0
9.0
8.0
7.0
-34.0
7.0
-18.0
6.0
10.0
11.0
6.0
12.0
14.0
10.0
8.0
8.0
7.0
11.0
-133.0
15.0
-80.0
-6.0
9.0
8.0
9.0
-4.0
8.0
8.0
-26.0
9.0
-25.0
6.0
-79.0
10.0
4.0
6.0
5.0
1.0
10.0
10.0
7.0
8.0
-4.0
8.0
4.0
5.0
4.0
10.0
8.0
-4.0
10.0
12.0
11.0
9.0
10.0
10.0
13.0
4.0
2.0
7.0
10.0
10.0
8.0
14.0
12.0
8.0
6.0
7.0
7.0
3.0
11.0
12.0
9.0
6.0
10.0
6.0
7.0
5.0
10.0
8.0
4.0
11.0
9.0
-3.0
-4.0
8.0
4.0
2.0
8.0
4.0
9.0
9.0
6.0
-2.0
14.0
10.0
7.0
9.0
1.0
7.0
7.0
9.0
4.0
5.0
-209.0
9.0
5.0
7.0
6.0
7.0
4.0
9.0
6.0
9.0
6.0
7.0
7.0
-49.0
10.0
7.0
-81.0
12.0
5.0
5.0
5.0
-3.0
-33.0
6.0
1.0
8.0
7.0
8.0
7.0
7.0
11.0
4.0
10.0
7.0
5.0
2.0
8.0
10.0
9.0
6.0
4.0
7.0
4.0
12.0
-178.0
-3.0
5.0
2.0
5.0
3.0
10.0
10.0
10.0
3.0
8.0
7.0
7.0
6.0
11.0
7.0
10.0
4.0
8.0
6.0
6.0
8.0
-6.0
9.0
5.0
6.0
1.0
4.0
13.0
-6.0
11.0
11.0
10.0
7.0
11.0
11.0
4.0
9.0
9.0
5.0
7.0
2.0
8.0
4.0
9.0
9.0
12.0
2.0
6.0
9.0
11.0
5.0
-1.0
10.0
4.0
9.0
4.0
6.0
7.0
7.0
-121.0
7.0
5.0
12.0
7.0
13.0
9.0
10.0
1.0
1.0
10.0
6.0
6.0
11.0
7.0
4.0
9.0
5.0
4.0
10.0
10.0
3.0
9.0
9.0
7.0
11.0
11.0
8.0
10.0
9.0
7.0
7.0
8.0
5.0
12.0
5.0
9.0
6.0
12.0
6.0
7.0
6.0
3.0
6.0
9.0
-6.0
6.0
5.0
5.0
14.0
5.0
9.0
7.0
-7.0
7.0
7.0
7.0
4.0
11.0
8.0
8.0
10.0
9.0
11.0
5.0
7.0
9.0
6.0
10.0
-209.0
-218.0
6.0
3.0
5.0
3.0
11.0
9.0
7.0
2.0
9.0
7.0
11.0
5.0
7.0
10.0
9.0
6.0
10.0
8.0
8.0
3.0
10.0
10.0
7.0
11.0
14.0
8.0
9.0
7.0
4.0
11.0
4.0
10.0
5.0
4.0
4.0
8.0
11.0
7.0
7.0
9.0
8.0
10.0
9.0
6.0
12.0
10.0
6.0
-53.0
-17.0
10.0
7.0
3.0
9.0
1.0
1.0
8.0
8.0
5.0
11.0
8.0
6.0
11.0
11.0
5.0
3.0
2.0
9.0
11.0
9.0
10.0
8.0
11.0
8.0
2.0
9.0
11.0
9.0
8.0
7.0
-14.0
6.0
2.0
9.0
10.0
5.0
7.0
4.0
10.0
2.0
12.0
3.0
8.0
8.0
10.0
8.0
7.0
7.0
11.0
10.0
12.0
3.0
4.0
-3.0
-15.0
9.0
0.0
-18.0
7.0
8.0
8.0
8.0
5.0
11.0
3.0
6.0
6.0
5.0
7.0
7.0
9.0
7.0
6.0
7.0
7.0
9.0
9.0
9.0
12.0
-77.0
6.0
9.0
8.0
4.0
5.0
2.0
10.0
8.0
8.0
7.0
11.0
3.0
7.0
6.0
8.0
12.0
8.0
10.0
6.0
9.0
2.0
7.0
-20.0
6.0
10.0
15.0
6.0
13.0
9.0
5.0
4.0
10.0
10.0
9.0
10.0
4.0
9.0
8.0
9.0
11.0
3.0
4.0
9.0
10.0
8.0
6.0
9.0
10.0
7.0
10.0
9.0
3.0
5.0
-1.0
5.0
3.0
7.0
9.0
11.0
11.0
4.0
11.0
2.0
5.0
6.0
7.0
4.0
6.0
7.0
3.0
5.0
3.0
7.0
11.0
13.0
9.0
9.0
9.0
10.0
2.0
6.0
6.0
9.0
4.0
5.0
10.0
8.0
12.0
7.0
7.0
5.0
9.0
6.0
11.0
8.0
5.0
8.0
7.0
9.0
8.0
5.0
12.0
9.0
14.0
7.0
8.0
10.0
11.0
6.0
7.0
5.0
9.0
5.0
8.0
10.0
7.0
4.0
10.0
10.0
5.0
6.0
7.0
10.0
5.0
-17.0
3.0
6.0
3.0
10.0
9.0
9.0
5.0
12.0
-200.0
13.0
4.0
6.0
8.0
3.0
12.0
6.0
3.0
9.0
7.0
-72.0
3.0
7.0
14.0
8.0
8.0
12.0
8.0
13.0
1.0
5.0
10.0
7.0
9.0
-200.0
5.0
9.0
8.0
8.0
5.0
10.0
4.0
9.0
2.0
9.0
10.0
7.0
8.0
11.0
2.0
13.0
12.0
10.0
13.0
9.0
13.0
7.0
15.0
6.0
10.0
8.0
9.0
10.0
11.0
6.0
12.0
9.0
9.0
7.0
8.0
11.0
4.0
10.0
10.0
9.0
7.0
8.0
9.0
3.0
-209.0
4.0
3.0
9.0
5.0
8.0
15.0
9.0
7.0
6.0
10.0
10.0
8.0
7.0
8.0
9.0
6.0
-139.0
8.0
4.0
-12.0
10.0
3.0
9.0
9.0
8.0
9.0
2.0
3.0
4.0
3.0
6.0
8.0
3.0
8.0
9.0
5.0
9.0
11.0
6.0
5.0
14.0
8.0
11.0
10.0
7.0
5.0
7.0
9.0
5.0
11.0
9.0
10.0
-9.0
5.0
6.0
11.0
5.0
8.0
11.0
12.0
11.0
12.0
5.0
4.0
5.0
6.0
8.0
-40.0
8.0
5.0
7.0
6.0
2.0
8.0
8.0
10.0
5.0
10.0
10.0
4.0
2.0
6.0
9.0
8.0
12.0
9.0
5.0
1.0
9.0
8.0
7.0
7.0
7.0
11.0
7.0
9.0
8.0
4.0
7.0
7.0
10.0
11.0
4.0
6.0
9.0
-87.0
10.0
8.0
11.0
10.0
5.0
7.0
-20.0
9.0
12.0
-200.0
7.0
7.0
10.0
14.0
5.0
3.0
9.0
-200.0
4.0
6.0
9.0
4.0
-67.0
6.0
4.0
12.0
7.0
3.0
13.0
10.0
12.0
10.0
-11.0
-42.0
10.0
9.0
10.0
-7.0
8.0
6.0
8.0
4.0
4.0
9.0
5.0
12.0
7.0
9.0
-3.0
10.0
14.0
8.0
9.0
13.0
9.0
-3.0
13.0
5.0
-3.0
6.0
10.0
13.0
8.0
-4.0
4.0
7.0
10.0
8.0
6.0
4.0
4.0
8.0
4.0
8.0
13.0
10.0
8.0
5.0
7.0
6.0
7.0
6.0
9.0
7.0
8.0
6.0
9.0
8.0
11.0
5.0
7.0
-117.0
10.0
4.0
8.0
10.0
8.0
7.0
10.0
10.0
8.0
8.0
11.0
6.0
10.0
7.0
8.0
9.0
6.0
3.0
12.0
6.0
5.0
3.0
12.0
8.0
10.0
6.0
8.0
7.0
5.0
7.0
13.0
13.0
5.0
7.0
7.0
5.0
10.0
9.0
8.0
5.0
9.0
5.0
8.0
9.0
10.0
7.0
7.0
12.0
9.0
14.0
8.0
10.0
6.0
5.0
8.0
8.0
13.0
7.0
6.0
11.0
8.0
4.0
4.0
8.0
3.0
14.0
10.0
5.0
2.0
7.0
10.0
7.0
7.0
5.0
13.0
8.0
5.0
11.0
9.0
5.0
8.0
8.0
14.0
8.0
1.0
8.0
-20.0
3.0
8.0
9.0
8.0
12.0
12.0
11.0
9.0
5.0
8.0
12.0
5.0
10.0
7.0
7.0
4.0
7.0
10.0
4.0
6.0
6.0
8.0
8.0
9.0
12.0
9.0
7.0
10.0
10.0
7.0
5.0
8.0
9.0
9.0
9.0
7.0
6.0
9.0
11.0
11.0
5.0
5.0
12.0
10.0
7.0
7.0
3.0
3.0
4.0
5.0
10.0
7.0
13.0
5.0
4.0
6.0
2.0
7.0
8.0
12.0
5.0
2.0
11.0
6.0
6.0
7.0
10.0
9.0
8.0
11.0
6.0
4.0
8.0
8.0
10.0
11.0
8.0
10.0
13.0
9.0
9.0
11.0
8.0
4.0
6.0
6.0
11.0
6.0
5.0
8.0
6.0
11.0
10.0
9.0
8.0
9.0
5.0
4.0
7.0
10.0
11.0
10.0
7.0
7.0
8.0
5.0
8.0
9.0
8.0
10.0
9.0
-133.0
11.0
4.0
6.0
-5.0
5.0
7.0
9.0
8.0
9.0
7.0
3.0
2.0
5.0
8.0
14.0
11.0
7.0
8.0
14.0
10.0
7.0
7.0
6.0
6.0
-12.0
9.0
7.0
9.0
7.0
10.0
10.0
-26.0
8.0
14.0
8.0
9.0
11.0
13.0
-20.0
4.0
11.0
9.0
7.0
5.0
9.0
10.0
9.0
8.0
4.0
8.0
12.0
5.0
7.0
5.0
7.0
11.0
12.0
8.0
8.0
14.0
11.0
6.0
3.0
4.0
8.0
4.0
8.0
11.0
11.0
7.0
4.0
8.0
4.0
6.0
4.0
9.0
6.0
7.0
11.0
11.0
3.0
8.0
7.0
8.0
6.0
9.0
9.0
7.0
6.0
8.0
7.0
2.0
11.0
7.0
14.0
10.0
5.0
9.0
5.0
4.0
10.0
11.0
13.0
8.0
9.0
11.0
11.0
5.0
11.0
11.0
6.0
7.0
12.0
7.0
7.0
15.0
10.0
11.0
2.0
13.0
8.0
3.0
7.0
11.0
5.0
8.0
10.0
7.0
6.0
14.0
10.0
9.0
6.0
4.0
7.0
8.0
8.0
10.0
6.0
12.0
