-839.0
-731.0
-821.0
-866.0
-704.0
-767.0
-875.0
-758.0
-794.0
-866.0
-839.0
-776.0
-749.0
-830.0
-731.0
-767.0
-803.0
-812.0
-740.0
-803.0
-641.0
-785.0
-740.0
-758.0
-749.0
-722.0
-704.0
-767.0
-776.0
-767.0
-713.0
-668.0
-695.0
-767.0
-785.0
-776.0
-722.0
-749.0
-304.0
-785.0
-848.0
-352.0
-803.0
-659.0
-605.0
-776.0
-803.0
-686.0
-614.0
-668.0
-776.0
-722.0
-740.0
-695.0
-704.0
-695.0
-722.0
-704.0
-686.0
-695.0
-722.0
-650.0
-812.0
-659.0
-587.0
-677.0
-222.0
-659.0
-686.0
-740.0
-695.0
-695.0
-767.0
-830.0
-695.0
-803.0
-677.0
-803.0
-731.0
-677.0
-641.0
-668.0
-821.0
-41.0
-668.0
-668.0
-704.0
-704.0
-632.0
-794.0
-614.0
-668.0
-713.0
-686.0
-605.0
-614.0
-722.0
-623.0
-704.0
-632.0
-659.0
-740.0
-650.0
-713.0
-686.0
-632.0
-677.0
-722.0
-527.0
-632.0
-659.0
-722.0
-384.0
-713.0
-758.0
-686.0
-686.0
-803.0
-686.0
-668.0
-695.0
-821.0
-659.0
-614.0
-659.0
-641.0
-560.0
-740.0
-623.0
-722.0
-758.0
-677.0
-704.0
-650.0
-749.0
-758.0
-623.0
-614.0
-632.0
-470.0
-479.0
-596.0
-524.0
-677.0
-614.0
-686.0
-605.0
-623.0
-632.0
-695.0
-632.0
-587.0
-668.0
-659.0
-686.0
-596.0
-704.0
-677.0
-632.0
-569.0
-569.0
-632.0
-569.0
-677.0
-704.0
-632.0
-650.0
-668.0
-551.0
-533.0
-488.0
-596.0
-560.0
-704.0
-542.0
-632.0
-659.0
-614.0
-587.0
-425.0
-551.0
-623.0
-596.0
-668.0
-569.0
-542.0
-659.0
-578.0
-569.0
-596.0
-713.0
-578.0
-551.0
-569.0
-614.0
-587.0
-551.0
-605.0
-533.0
-569.0
-614.0
-659.0
-659.0
-614.0
-542.0
-569.0
-515.0
-560.0
-650.0
-650.0
-623.0
-578.0
-506.0
-614.0
-578.0
-650.0
-596.0
-560.0
-596.0
-533.0
-614.0
-677.0
-479.0
-231.0
-623.0
-596.0
-551.0
-569.0
-605.0
-659.0
-488.0
-506.0
-551.0
-533.0
-632.0
-569.0
-623.0
-551.0
-497.0
-524.0
-569.0
-632.0
-488.0
-632.0
-596.0
-542.0
-587.0
-614.0
-605.0
-569.0
-578.0
-533.0
-470.0
-587.0
-497.0
-560.0
-551.0
-578.0
-473.0
-560.0
-239.0
-569.0
-596.0
-479.0
-497.0
-238.0
-461.0
-533.0
-560.0
-542.0
-551.0
-155.0
-425.0
-650.0
-641.0
-524.0
-461.0
-578.0
-524.0
-596.0
-398.0
-587.0
-560.0
-578.0
-569.0
-325.0
-551.0
-533.0
-479.0
-425.0
-551.0
-605.0
-488.0
-172.0
-338.0
-506.0
-506.0
-425.0
-307.0
-419.0
-506.0
-254.0
-407.0
-515.0
-488.0
-470.0
-524.0
-542.0
-479.0
-524.0
-524.0
-416.0
-133.0
-524.0
-596.0
-479.0
-506.0
-515.0
-560.0
-524.0
-533.0
-488.0
-99.0
-443.0
-443.0
-515.0
-479.0
-434.0
-335.0
-524.0
-398.0
-515.0
-497.0
-443.0
-497.0
-443.0
-461.0
-371.0
-425.0
-479.0
-398.0
-416.0
-434.0
-452.0
-470.0
-248.0
-569.0
-407.0
-387.0
-137.0
-488.0
-443.0
-524.0
-416.0
-551.0
-443.0
-416.0
-488.0
-461.0
-470.0
-542.0
-443.0
-443.0
-524.0
-362.0
-380.0
-461.0
-252.0
-488.0
-443.0
-542.0
-470.0
-461.0
-335.0
-461.0
-353.0
-209.0
-461.0
-168.0
-551.0
-551.0
-133.0
-488.0
-416.0
-452.0
-515.0
-470.0
-117.0
-479.0
-240.0
-389.0
11.0
-42.0
-389.0
-506.0
-280.0
6.0
-212.0
-31.0
-506.0
-19.0
-51.0
-461.0
-349.0
-83.0
-416.0
-317.0
-488.0
-443.0
-461.0
-375.0
-222.0
-183.0
-54.0
-121.0
-32.0
-416.0
-22.0
-105.0
-297.0
-90.0
-21.0
-461.0
-93.0
-416.0
-479.0
-407.0
-344.0
-461.0
-56.0
-371.0
-86.0
-33.0
-217.0
-113.0
-125.0
-506.0
-434.0
-47.0
-389.0
-434.0
-181.0
-29.0
-95.0
5.0
-407.0
-16.0
-434.0
-488.0
-443.0
-515.0
-443.0
-461.0
-222.0
-407.0
-443.0
-121.0
-407.0
-407.0
-443.0
-230.0
-416.0
-470.0
12.0
-434.0
-2.0
-389.0
-371.0
-371.0
-515.0
-33.0
-231.0
-114.0
-96.0
-362.0
-289.0
-140.0
-416.0
-353.0
-266.0
-96.0
-290.0
-416.0
-443.0
-389.0
-304.0
-371.0
-461.0
-452.0
-362.0
-13.0
-371.0
-416.0
-380.0
-398.0
-1.0
-443.0
-104.0
-533.0
-397.0
-407.0
-344.0
-371.0
-344.0
-353.0
-362.0
-290.0
-335.0
-497.0
-353.0
-326.0
-479.0
-344.0
-398.0
-407.0
-416.0
-425.0
-434.0
-434.0
-389.0
-362.0
-434.0
-416.0
-335.0
-194.0
-362.0
-407.0
-380.0
-398.0
-362.0
-398.0
-407.0
-380.0
-371.0
-353.0
-31.0
-398.0
11.0
-389.0
-24.0
-18.0
-380.0
-389.0
-425.0
-452.0
-203.0
-362.0
-353.0
-316.0
-407.0
-380.0
-380.0
-344.0
-407.0
-353.0
-371.0
-380.0
-506.0
-371.0
-416.0
-335.0
-380.0
-416.0
-344.0
-223.0
-75.0
-26.0
-326.0
-44.0
-425.0
-398.0
-362.0
-308.0
-398.0
-380.0
9.0
-47.0
-434.0
-10.0
-398.0
-243.0
-389.0
-353.0
-353.0
-407.0
0.0
-425.0
-55.0
-308.0
-170.0
-335.0
-21.0
-53.0
-335.0
-5.0
-126.0
-434.0
-101.0
9.0
-362.0
-103.0
-281.0
-71.0
-116.0
-22.0
-29.0
-72.0
-317.0
-365.0
-165.0
-335.0
-290.0
-11.0
-12.0
-308.0
-63.0
12.0
-335.0
-155.0
-389.0
-10.0
-34.0
-10.0
-14.0
-362.0
-13.0
-335.0
-344.0
-317.0
-14.0
11.0
-67.0
-9.0
-335.0
-380.0
-20.0
-33.0
-40.0
-35.0
-299.0
-75.0
-49.0
-21.0
-326.0
-371.0
-380.0
-33.0
-398.0
-21.0
-326.0
-344.0
-45.0
-5.0
-362.0
-31.0
-2.0
-344.0
-64.0
-11.0
-326.0
-8.0
-50.0
-48.0
-48.0
-99.0
1.0
-326.0
-28.0
-87.0
-65.0
-126.0
-4.0
-1.0
-3.0
-19.0
-27.0
-13.0
-72.0
-18.0
-243.0
14.0
8.0
-3.0
-30.0
2.0
-353.0
-21.0
7.0
5.0
-41.0
-353.0
10.0
-212.0
-72.0
-44.0
-58.0
8.0
-203.0
-86.0
-13.0
-6.0
10.0
-5.0
-14.0
-5.0
-99.0
-86.0
-2.0
-16.0
-231.0
-22.0
-9.0
-44.0
-53.0
-6.0
-3.0
4.0
-49.0
-146.0
-115.0
6.0
4.0
-14.0
-5.0
11.0
-9.0
-41.0
-7.0
0.0
-55.0
7.0
-29.0
5.0
-37.0
-23.0
-106.0
-3.0
-170.0
-83.0
-25.0
-73.0
-3.0
-4.0
-233.0
-14.0
-34.0
-371.0
-23.0
11.0
-41.0
-12.0
-134.0
-5.0
-66.0
8.0
-39.0
7.0
-29.0
5.0
-109.0
-162.0
-16.0
-89.0
-30.0
-254.0
-11.0
-68.0
-178.0
-2.0
-10.0
-190.0
-64.0
4.0
-24.0
-29.0
-49.0
4.0
-90.0
-35.0
-7.0
-239.0
-111.0
-94.0
-14.0
7.0
-62.0
-147.0
-281.0
-11.0
-24.0
-138.0
12.0
-317.0
-23.0
-104.0
-103.0
-272.0
-127.0
1.0
-185.0
-155.0
-314.0
-299.0
11.0
-11.0
-326.0
2.0
-272.0
-298.0
-41.0
-134.0
-166.0
5.0
7.0
8.0
-216.0
-52.0
-263.0
-27.0
-57.0
-8.0
-38.0
-78.0
7.0
-299.0
8.0
7.0
-14.0
-1.0
10.0
-1.0
8.0
10.0
-272.0
3.0
-281.0
3.0
4.0
4.0
-7.0
-26.0
-6.0
-335.0
-18.0
5.0
2.0
-254.0
-371.0
-39.0
13.0
9.0
5.0
-8.0
-122.0
-2.0
-25.0
-20.0
-22.0
-23.0
0.0
8.0
10.0
-26.0
3.0
-135.0
-15.0
-30.0
-193.0
-64.0
-326.0
-13.0
-7.0
7.0
-326.0
-15.0
-2.0
-3.0
9.0
-11.0
-7.0
7.0
-14.0
0.0
5.0
-4.0
-6.0
4.0
-8.0
-58.0
-23.0
3.0
-4.0
-5.0
-16.0
-317.0
-71.0
9.0
2.0
11.0
-8.0
-22.0
-16.0
6.0
11.0
0.0
-70.0
-9.0
1.0
-10.0
-36.0
-10.0
5.0
0.0
0.0
1.0
1.0
-2.0
5.0
7.0
-13.0
-30.0
-8.0
-1.0
2.0
1.0
1.0
-3.0
9.0
6.0
-24.0
-24.0
0.0
10.0
-10.0
11.0
7.0
-6.0
-3.0
-19.0
11.0
1.0
2.0
-20.0
2.0
-1.0
6.0
3.0
11.0
-10.0
11.0
6.0
0.0
10.0
-15.0
-16.0
2.0
-4.0
-49.0
11.0
5.0
8.0
9.0
10.0
-3.0
2.0
-8.0
-6.0
-2.0
-23.0
13.0
-8.0
-4.0
-15.0
-24.0
-1.0
6.0
-4.0
-9.0
-19.0
-38.0
-3.0
2.0
-6.0
6.0
6.0
8.0
-11.0
-4.0
9.0
14.0
3.0
11.0
10.0
-6.0
7.0
-2.0
6.0
12.0
-9.0
-3.0
0.0
12.0
-16.0
3.0
3.0
-11.0
1.0
-14.0
-7.0
-7.0
-1.0
4.0
-10.0
6.0
-15.0
-110.0
-14.0
-13.0
6.0
2.0
-11.0
-35.0
1.0
1.0
0.0
7.0
-15.0
1.0
11.0
-4.0
8.0
-4.0
-19.0
0.0
-5.0
4.0
8.0
8.0
-7.0
11.0
5.0
-3.0
1.0
-1.0
0.0
-36.0
11.0
-9.0
8.0
1.0
4.0
1.0
8.0
-11.0
5.0
9.0
7.0
-1.0
-10.0
9.0
3.0
7.0
4.0
-13.0
4.0
6.0
-2.0
0.0
-17.0
9.0
0.0
7.0
3.0
9.0
-9.0
11.0
7.0
4.0
5.0
12.0
2.0
-6.0
12.0
1.0
10.0
12.0
10.0
10.0
11.0
7.0
4.0
-5.0
13.0
6.0
11.0
-1.0
11.0
3.0
-3.0
-21.0
4.0
5.0
13.0
-18.0
5.0
5.0
-15.0
-21.0
8.0
3.0
-4.0
8.0
-3.0
-17.0
4.0
5.0
6.0
-18.0
-2.0
-9.0
0.0
-5.0
6.0
7.0
9.0
6.0
-18.0
-1.0
1.0
6.0
-14.0
7.0
-16.0
-5.0
-6.0
-15.0
-7.0
3.0
3.0
9.0
-27.0
-5.0
0.0
7.0
-9.0
5.0
10.0
7.0
9.0
-9.0
2.0
4.0
-16.0
9.0
13.0
-4.0
0.0
13.0
6.0
-2.0
13.0
5.0
1.0
6.0
-23.0
-2.0
-5.0
10.0
10.0
9.0
5.0
5.0
1.0
8.0
2.0
6.0
9.0
10.0
11.0
7.0
10.0
5.0
7.0
-2.0
6.0
8.0
5.0
9.0
-16.0
5.0
-7.0
11.0
4.0
12.0
-4.0
-14.0
-7.0
-6.0
-9.0
8.0
11.0
-7.0
-3.0
9.0
-5.0
-26.0
4.0
-4.0
7.0
10.0
7.0
5.0
9.0
-12.0
-7.0
-13.0
1.0
11.0
-5.0
0.0
-15.0
3.0
6.0
-3.0
-4.0
8.0
-14.0
15.0
3.0
4.0
7.0
-6.0
-15.0
-6.0
-1.0
11.0
8.0
4.0
9.0
6.0
12.0
4.0
6.0
-3.0
12.0
-15.0
-16.0
0.0
1.0
4.0
7.0
1.0
15.0
14.0
11.0
4.0
6.0
7.0
4.0
-7.0
3.0
8.0
6.0
-14.0
7.0
11.0
9.0
-5.0
7.0
3.0
6.0
9.0
7.0
6.0
7.0
9.0
7.0
1.0
3.0
9.0
-5.0
11.0
11.0
5.0
-3.0
3.0
4.0
2.0
14.0
5.0
4.0
12.0
8.0
10.0
7.0
8.0
-3.0
-5.0
10.0
7.0
8.0
6.0
1.0
14.0
9.0
10.0
6.0
12.0
4.0
-5.0
5.0
8.0
8.0
-5.0
11.0
7.0
-5.0
7.0
-3.0
5.0
11.0
8.0
9.0
8.0
1.0
0.0
3.0
9.0
14.0
-3.0
9.0
9.0
9.0
-3.0
4.0
8.0
10.0
10.0
10.0
7.0
-26.0
3.0
6.0
10.0
7.0
-10.0
5.0
15.0
2.0
3.0
-7.0
4.0
6.0
8.0
6.0
1.0
6.0
11.0
4.0
6.0
11.0
8.0
10.0
6.0
5.0
-1.0
-4.0
11.0
3.0
6.0
9.0
-1.0
-6.0
3.0
10.0
12.0
-20.0
9.0
6.0
8.0
11.0
7.0
-5.0
-4.0
6.0
6.0
2.0
8.0
0.0
-10.0
6.0
12.0
-4.0
-5.0
3.0
-5.0
6.0
0.0
5.0
0.0
-2.0
7.0
7.0
6.0
12.0
9.0
-3.0
4.0
3.0
5.0
10.0
14.0
10.0
4.0
4.0
12.0
14.0
4.0
8.0
8.0
12.0
-5.0
3.0
7.0
-12.0
3.0
7.0
8.0
1.0
10.0
8.0
2.0
11.0
10.0
7.0
9.0
5.0
1.0
8.0
9.0
9.0
-3.0
-3.0
9.0
7.0
10.0
7.0
8.0
6.0
8.0
-7.0
1.0
3.0
9.0
10.0
5.0
5.0
5.0
7.0
-4.0
1.0
5.0
-3.0
10.0
-4.0
12.0
4.0
-3.0
11.0
-6.0
-5.0
-5.0
11.0
6.0
10.0
12.0
3.0
-3.0
11.0
6.0
0.0
10.0
5.0
9.0
8.0
8.0
-2.0
10.0
5.0
6.0
5.0
-3.0
-151.0
6.0
-17.0
-4.0
4.0
4.0
9.0
6.0
5.0
5.0
8.0
4.0
5.0
7.0
8.0
-4.0
7.0
7.0
11.0
10.0
-7.0
9.0
9.0
-3.0
8.0
8.0
9.0
8.0
7.0
6.0
9.0
9.0
-7.0
7.0
10.0
-3.0
6.0
13.0
6.0
4.0
7.0
7.0
13.0
8.0
9.0
6.0
10.0
10.0
5.0
5.0
10.0
7.0
6.0
-4.0
12.0
3.0
-1.0
8.0
11.0
3.0
6.0
12.0
2.0
9.0
3.0
5.0
-3.0
11.0
4.0
-42.0
7.0
0.0
14.0
11.0
5.0
8.0
6.0
11.0
11.0
13.0
3.0
7.0
9.0
8.0
7.0
-5.0
9.0
12.0
10.0
6.0
2.0
11.0
5.0
10.0
6.0
8.0
8.0
-4.0
6.0
2.0
-3.0
9.0
-8.0
9.0
4.0
2.0
6.0
3.0
2.0
-2.0
10.0
11.0
5.0
13.0
4.0
8.0
1.0
10.0
9.0
11.0
10.0
1.0
-5.0
11.0
12.0
7.0
7.0
8.0
12.0
-3.0
11.0
-8.0
-4.0
9.0
6.0
9.0
2.0
10.0
10.0
10.0
3.0
5.0
12.0
4.0
-6.0
-17.0
5.0
2.0
7.0
-10.0
6.0
6.0
10.0
4.0
8.0
-2.0
8.0
11.0
6.0
8.0
9.0
6.0
2.0
12.0
10.0
4.0
5.0
-3.0
6.0
10.0
9.0
6.0
-9.0
7.0
6.0
5.0
9.0
13.0
9.0
6.0
4.0
9.0
8.0
7.0
6.0
8.0
13.0
5.0
4.0
9.0
5.0
8.0
9.0
9.0
6.0
14.0
4.0
5.0
-6.0
9.0
10.0
12.0
11.0
4.0
5.0
6.0
6.0
8.0
7.0
7.0
13.0
10.0
5.0
-5.0
12.0
-7.0
11.0
5.0
-1.0
8.0
9.0
11.0
10.0
9.0
11.0
-15.0
6.0
5.0
1.0
13.0
-6.0
7.0
5.0
7.0
9.0
5.0
5.0
13.0
-7.0
8.0
-1.0
10.0
4.0
3.0
3.0
-7.0
-1.0
12.0
7.0
15.0
14.0
10.0
6.0
6.0
-5.0
-3.0
10.0
3.0
-14.0
8.0
-4.0
13.0
11.0
7.0
-3.0
6.0
8.0
12.0
5.0
10.0
9.0
7.0
10.0
9.0
10.0
8.0
5.0
5.0
10.0
7.0
3.0
7.0
8.0
6.0
6.0
5.0
4.0
4.0
5.0
9.0
9.0
7.0
4.0
-10.0
10.0
8.0
10.0
-3.0
12.0
9.0
5.0
5.0
11.0
5.0
11.0
-7.0
8.0
7.0
4.0
5.0
6.0
10.0
0.0
7.0
9.0
9.0
7.0
6.0
4.0
0.0
6.0
10.0
11.0
7.0
6.0
8.0
6.0
-45.0
6.0
8.0
-6.0
5.0
-3.0
8.0
9.0
8.0
7.0
7.0
6.0
4.0
4.0
8.0
7.0
4.0
6.0
9.0
6.0
10.0
5.0
7.0
8.0
-87.0
7.0
7.0
9.0
9.0
9.0
9.0
10.0
8.0
7.0
10.0
5.0
7.0
6.0
4.0
-2.0
4.0
-3.0
6.0
8.0
12.0
4.0
6.0
-3.0
-7.0
-10.0
6.0
11.0
5.0
-4.0
10.0
11.0
7.0
6.0
12.0
10.0
10.0
9.0
8.0
8.0
7.0
8.0
7.0
-1.0
9.0
4.0
8.0
4.0
9.0
8.0
9.0
8.0
5.0
12.0
-7.0
10.0
4.0
13.0
7.0
7.0
5.0
10.0
3.0
10.0
7.0
11.0
5.0
7.0
8.0
8.0
8.0
5.0
4.0
12.0
10.0
12.0
14.0
6.0
9.0
-2.0
7.0
8.0
4.0
9.0
3.0
10.0
7.0
7.0
9.0
9.0
6.0
7.0
5.0
9.0
6.0
8.0
7.0
7.0
10.0
9.0
7.0
7.0
10.0
9.0
-2.0
5.0
9.0
7.0
4.0
8.0
10.0
10.0
3.0
12.0
5.0
7.0
7.0
9.0
4.0
11.0
7.0
11.0
7.0
4.0
5.0
3.0
12.0
2.0
11.0
8.0
3.0
11.0
7.0
9.0
3.0
6.0
9.0
9.0
6.0
10.0
11.0
-3.0
-10.0
10.0
10.0
13.0
-21.0
9.0
8.0
9.0
7.0
9.0
-3.0
2.0
6.0
9.0
8.0
11.0
4.0
10.0
8.0
7.0
7.0
9.0
3.0
14.0
6.0
7.0
5.0
12.0
7.0
10.0
7.0
8.0
11.0
10.0
6.0
8.0
8.0
3.0
6.0
4.0
13.0
10.0
4.0
6.0
9.0
11.0
8.0
5.0
10.0
-4.0
9.0
7.0
8.0
1.0
-1.0
7.0
6.0
11.0
6.0
9.0
7.0
-5.0
9.0
6.0
7.0
10.0
3.0
4.0
5.0
4.0
9.0
-6.0
3.0
13.0
8.0
6.0
2.0
13.0
4.0
7.0
9.0
8.0
5.0
9.0
7.0
7.0
11.0
12.0
8.0
10.0
7.0
5.0
5.0
5.0
7.0
8.0
8.0
9.0
9.0
10.0
8.0
6.0
6.0
3.0
0.0
5.0
11.0
6.0
3.0
3.0
7.0
6.0
13.0
9.0
9.0
4.0
8.0
4.0
9.0
11.0
6.0
8.0
3.0
11.0
4.0
7.0
-2.0
-4.0
8.0
9.0
9.0
4.0
-6.0
7.0
6.0
6.0
9.0
9.0
14.0
0.0
6.0
9.0
7.0
8.0
7.0
6.0
3.0
6.0
11.0
7.0
-1.0
14.0
8.0
8.0
-5.0
7.0
6.0
8.0
5.0
11.0
7.0
8.0
4.0
11.0
12.0
7.0
4.0
9.0
10.0
10.0
10.0
6.0
5.0
8.0
11.0
8.0
14.0
5.0
8.0
6.0
7.0
7.0
10.0
8.0
10.0
6.0
6.0
8.0
7.0
10.0
10.0
9.0
6.0
8.0
7.0
1.0
7.0
9.0
1.0
6.0
9.0
10.0
6.0
13.0
8.0
9.0
5.0
6.0
11.0
7.0
3.0
7.0
5.0
8.0
5.0
7.0
5.0
8.0
8.0
8.0
10.0
11.0
10.0
11.0
6.0
9.0
4.0
10.0
5.0
5.0
11.0
10.0
10.0
15.0
9.0
8.0
7.0
9.0
6.0
8.0
3.0
10.0
8.0
7.0
12.0
4.0
7.0
7.0
5.0
7.0
10.0
8.0
12.0
8.0
5.0
3.0
9.0
5.0
11.0
8.0
6.0
3.0
10.0
9.0
15.0
8.0
6.0
7.0
8.0
7.0
6.0
10.0
7.0
11.0
6.0
-5.0
5.0
8.0
8.0
9.0
9.0
6.0
7.0
9.0
14.0
7.0
13.0
-2.0
5.0
4.0
6.0
8.0
6.0
9.0
10.0
9.0
11.0
10.0
8.0
6.0
7.0
12.0
10.0
11.0
-3.0
7.0
7.0
8.0
7.0
11.0
3.0
10.0
12.0
10.0
5.0
8.0
8.0
9.0
-3.0
6.0
10.0
4.0
8.0
4.0
9.0
10.0
9.0
4.0
5.0
8.0
10.0
11.0
13.0
12.0
-5.0
13.0
9.0
13.0
9.0
7.0
9.0
4.0
4.0
-121.0
11.0
3.0
6.0
3.0
7.0
10.0
9.0
12.0
5.0
6.0
-2.0
4.0
5.0
-3.0
7.0
8.0
13.0
9.0
7.0
13.0
7.0
5.0
12.0
11.0
3.0
7.0
7.0
5.0
9.0
8.0
11.0
9.0
7.0
10.0
10.0
3.0
7.0
5.0
9.0
6.0
8.0
6.0
11.0
7.0
2.0
-5.0
11.0
7.0
10.0
7.0
6.0
7.0
6.0
5.0
14.0
8.0
9.0
3.0
7.0
5.0
11.0
7.0
9.0
9.0
11.0
3.0
10.0
-5.0
14.0
13.0
5.0
9.0
4.0
6.0
6.0
-2.0
8.0
9.0
10.0
14.0
8.0
7.0
4.0
7.0
9.0
6.0
8.0
10.0
6.0
6.0
5.0
7.0
11.0
11.0
10.0
14.0
9.0
14.0
10.0
-5.0
6.0
8.0
11.0
9.0
10.0
8.0
11.0
10.0
11.0
4.0
3.0
7.0
12.0
7.0
9.0
12.0
11.0
9.0
4.0
7.0
9.0
6.0
9.0
10.0
8.0
3.0
11.0
10.0
8.0
6.0
10.0
9.0
5.0
7.0
8.0
6.0
7.0
13.0
1.0
9.0
10.0
11.0
7.0
8.0
-1.0
6.0
11.0
9.0
6.0
7.0
10.0
14.0
9.0
6.0
13.0
8.0
11.0
8.0
6.0
8.0
8.0
7.0
13.0
