-830.0
-830.0
-758.0
-758.0
-938.0
-857.0
-893.0
-875.0
-911.0
-749.0
-965.0
-812.0
-839.0
-776.0
-839.0
-875.0
-758.0
-956.0
-776.0
-857.0
-776.0
-821.0
-776.0
-767.0
-803.0
-767.0
-695.0
-776.0
-722.0
-794.0
-794.0
-695.0
-704.0
-884.0
-785.0
-713.0
-803.0
-767.0
-740.0
-803.0
-812.0
-641.0
-749.0
-776.0
-704.0
-785.0
-821.0
-767.0
-686.0
-668.0
-785.0
-740.0
-695.0
-821.0
-803.0
-731.0
-200.0
-695.0
-812.0
-686.0
-605.0
-749.0
-632.0
-632.0
-686.0
-677.0
-686.0
-659.0
-388.0
-758.0
-623.0
-641.0
-713.0
-632.0
-659.0
-713.0
-623.0
-767.0
-695.0
-785.0
-767.0
-767.0
-722.0
-553.0
-650.0
-758.0
-668.0
-704.0
-686.0
-695.0
-623.0
-650.0
-659.0
-632.0
-614.0
-677.0
-722.0
-686.0
-749.0
-740.0
-650.0
-884.0
-731.0
-632.0
-524.0
-285.0
-614.0
-605.0
-587.0
-686.0
-713.0
-659.0
-659.0
-641.0
-686.0
-659.0
-587.0
-632.0
-740.0
-641.0
-650.0
-560.0
-578.0
-614.0
-623.0
-722.0
-597.0
-614.0
-330.0
-668.0
-560.0
-587.0
-614.0
-560.0
-605.0
-668.0
-641.0
-695.0
-632.0
-677.0
-587.0
-596.0
-650.0
-641.0
-524.0
-677.0
-659.0
-695.0
-623.0
-650.0
-695.0
-641.0
-677.0
-578.0
-677.0
-587.0
-659.0
-479.0
-470.0
-695.0
-641.0
-560.0
-632.0
-749.0
-614.0
-614.0
-614.0
-605.0
-668.0
-596.0
-704.0
-641.0
-560.0
-767.0
-578.0
-551.0
-551.0
-605.0
-605.0
-460.0
-524.0
-542.0
-551.0
-605.0
-479.0
-506.0
-515.0
-605.0
-596.0
-605.0
-542.0
-578.0
-110.0
-506.0
-479.0
-479.0
-614.0
-623.0
-632.0
-587.0
-614.0
-641.0
-605.0
-704.0
-587.0
-515.0
-668.0
-623.0
-515.0
-722.0
-506.0
-524.0
-641.0
-605.0
-587.0
-569.0
-560.0
-641.0
-524.0
-569.0
-695.0
-425.0
-533.0
-524.0
-614.0
-569.0
-542.0
-596.0
-551.0
-587.0
-623.0
-569.0
-650.0
-623.0
-632.0
-367.0
-515.0
-560.0
-578.0
-542.0
-641.0
-614.0
-551.0
-524.0
-614.0
-533.0
-614.0
-623.0
-776.0
-524.0
-632.0
-614.0
-560.0
-533.0
-668.0
-587.0
-452.0
-560.0
-560.0
-578.0
-560.0
-578.0
-542.0
-605.0
-614.0
-587.0
-479.0
-488.0
-461.0
-515.0
-451.0
-623.0
-479.0
-605.0
-542.0
-560.0
-434.0
-228.0
-551.0
-479.0
-470.0
-641.0
-399.0
-560.0
-569.0
-542.0
-542.0
-488.0
-578.0
-542.0
-560.0
-695.0
-524.0
-443.0
-461.0
-533.0
-506.0
-542.0
-569.0
-515.0
-551.0
-452.0
-569.0
-434.0
-443.0
-542.0
-443.0
-461.0
-524.0
-587.0
-497.0
-533.0
-461.0
-452.0
-488.0
-524.0
-470.0
-524.0
-488.0
-578.0
-551.0
-488.0
-479.0
-524.0
-506.0
-421.0
-425.0
-443.0
-470.0
-479.0
-479.0
-515.0
-452.0
-488.0
-542.0
-506.0
-569.0
-506.0
-542.0
-443.0
-524.0
-479.0
-542.0
-158.0
-578.0
-407.0
-141.0
-452.0
-632.0
-452.0
-407.0
-614.0
-470.0
-425.0
-497.0
-524.0
-315.0
-434.0
-443.0
-452.0
-524.0
-398.0
-479.0
-542.0
-407.0
-569.0
-425.0
-533.0
-452.0
-506.0
-407.0
-407.0
-434.0
-407.0
-542.0
-578.0
-452.0
-443.0
-506.0
-506.0
-416.0
-416.0
-398.0
-326.0
-378.0
-371.0
-380.0
-479.0
-353.0
-371.0
-506.0
-515.0
-119.0
-434.0
-425.0
-452.0
-506.0
-533.0
-330.0
-479.0
-407.0
-506.0
-272.0
-407.0
-506.0
-488.0
-524.0
-443.0
-407.0
-461.0
-407.0
-470.0
-452.0
-371.0
-416.0
-479.0
-434.0
-452.0
-461.0
-461.0
-452.0
-497.0
-353.0
-524.0
-452.0
-434.0
-425.0
-398.0
-398.0
-470.0
-416.0
-443.0
-506.0
-407.0
-416.0
-452.0
-443.0
-443.0
-425.0
-434.0
-434.0
-488.0
-380.0
-434.0
-353.0
-443.0
-452.0
-452.0
-326.0
-488.0
-470.0
-479.0
-452.0
-407.0
-461.0
-353.0
-371.0
-461.0
-416.0
-308.0
-398.0
-111.0
-488.0
-335.0
-452.0
-461.0
-380.0
-335.0
-425.0
-389.0
-461.0
-407.0
-443.0
-335.0
-125.0
-398.0
-425.0
-407.0
-389.0
-434.0
-533.0
-389.0
-362.0
-461.0
-425.0
-416.0
-344.0
-461.0
-416.0
-398.0
-380.0
-344.0
-371.0
-362.0
-380.0
-389.0
-461.0
-380.0
-344.0
-398.0
-452.0
-317.0
-407.0
-425.0
-389.0
-308.0
-344.0
-371.0
-416.0
-344.0
-353.0
-371.0
-461.0
-389.0
-380.0
-371.0
-344.0
-506.0
-371.0
-425.0
-371.0
-371.0
-362.0
-407.0
-416.0
-362.0
-461.0
-434.0
-434.0
-344.0
-479.0
-389.0
-443.0
-398.0
-398.0
-434.0
-313.0
-371.0
-335.0
-317.0
-268.0
-371.0
-398.0
-389.0
-425.0
-362.0
-470.0
-443.0
-344.0
-335.0
-236.0
-308.0
-425.0
-326.0
-380.0
-290.0
-371.0
-371.0
-281.0
-398.0
-326.0
-371.0
-362.0
-371.0
-470.0
-290.0
-398.0
-407.0
-362.0
-371.0
-344.0
-398.0
-362.0
-317.0
-461.0
-371.0
-344.0
-317.0
-371.0
-380.0
-299.0
-434.0
-389.0
-326.0
-389.0
-81.0
-344.0
-362.0
-344.0
-317.0
-353.0
-380.0
-371.0
-389.0
-344.0
-362.0
-416.0
-180.0
-398.0
-371.0
-326.0
-362.0
-452.0
-362.0
-389.0
-353.0
-362.0
-213.0
-299.0
-398.0
-344.0
-326.0
-335.0
-368.0
-353.0
-406.0
-299.0
-380.0
-407.0
-371.0
-371.0
-416.0
-124.0
-19.0
-299.0
-416.0
-362.0
-317.0
-407.0
-353.0
-416.0
-398.0
-470.0
-416.0
-371.0
-317.0
-335.0
-353.0
-380.0
-326.0
-362.0
-362.0
-389.0
-335.0
-416.0
-299.0
-299.0
-335.0
-281.0
-398.0
-335.0
-371.0
-362.0
-371.0
-389.0
-353.0
-389.0
-326.0
-308.0
-362.0
-335.0
-380.0
-353.0
-299.0
-425.0
-290.0
-335.0
-380.0
-344.0
-425.0
-416.0
-398.0
-425.0
-380.0
-344.0
-308.0
-317.0
-380.0
-335.0
-362.0
-344.0
-371.0
-371.0
-335.0
-353.0
-308.0
-326.0
-344.0
-299.0
-344.0
-380.0
-371.0
-290.0
-308.0
-344.0
-290.0
-362.0
-60.0
-362.0
-371.0
-290.0
-290.0
-281.0
-344.0
-317.0
-317.0
-224.0
-317.0
-344.0
-371.0
-272.0
-425.0
-317.0
-443.0
-785.0
-344.0
-263.0
-389.0
-281.0
-299.0
-353.0
-272.0
-434.0
-335.0
-290.0
-335.0
-353.0
-362.0
-344.0
-299.0
-180.0
-308.0
-344.0
-335.0
-299.0
-317.0
-371.0
-353.0
-317.0
-308.0
-290.0
-380.0
-290.0
-245.0
-299.0
-40.0
-114.0
-7.0
-335.0
-31.0
-317.0
-380.0
-407.0
-308.0
-111.0
-9.0
-299.0
-317.0
-281.0
-272.0
-326.0
-344.0
-290.0
-344.0
-308.0
-245.0
-353.0
-317.0
-344.0
-362.0
-389.0
-335.0
-326.0
-821.0
-254.0
-317.0
-335.0
-326.0
-371.0
-335.0
-272.0
-326.0
-335.0
-335.0
-353.0
-326.0
-245.0
-326.0
-362.0
-308.0
-272.0
-290.0
-317.0
-344.0
-308.0
-326.0
-353.0
-299.0
-380.0
-344.0
-245.0
-290.0
-272.0
-335.0
-317.0
-344.0
-290.0
-281.0
-290.0
-308.0
-290.0
-326.0
-335.0
-317.0
-317.0
-281.0
-290.0
-317.0
-317.0
-254.0
-326.0
-308.0
-79.0
-389.0
-353.0
-290.0
-362.0
-317.0
-326.0
-281.0
-281.0
-272.0
-299.0
-317.0
-263.0
-326.0
-371.0
-299.0
-308.0
-245.0
-317.0
-281.0
-308.0
-263.0
-317.0
-308.0
-227.0
-273.0
-263.0
-299.0
-263.0
-272.0
-308.0
-344.0
-407.0
-129.0
-263.0
-353.0
-308.0
-127.0
-299.0
-335.0
-263.0
-245.0
-299.0
-281.0
-281.0
-299.0
-308.0
-308.0
-344.0
-290.0
-120.0
-290.0
-272.0
-317.0
-317.0
-335.0
-353.0
-245.0
-326.0
-281.0
-308.0
-245.0
-317.0
-299.0
-308.0
-299.0
-308.0
-245.0
-245.0
-281.0
-308.0
-290.0
-326.0
-237.0
-254.0
-281.0
-54.0
-281.0
-299.0
-290.0
-344.0
-335.0
-299.0
-299.0
-263.0
-281.0
-326.0
-317.0
-254.0
-27.0
-290.0
-236.0
-299.0
-281.0
-281.0
-308.0
-272.0
-335.0
-326.0
-290.0
-272.0
10.0
-263.0
-84.0
-308.0
-308.0
-299.0
-281.0
-290.0
-317.0
-290.0
-281.0
-290.0
-308.0
-344.0
-254.0
-73.0
-272.0
-281.0
-112.0
-245.0
-263.0
-227.0
-272.0
-263.0
-43.0
-299.0
-117.0
-326.0
-317.0
-290.0
-175.0
-272.0
-65.0
-227.0
-245.0
-254.0
-263.0
-254.0
-254.0
-272.0
-281.0
-263.0
-353.0
-254.0
-299.0
-308.0
-245.0
-317.0
-272.0
-299.0
-218.0
-94.0
-263.0
-101.0
-290.0
-218.0
-299.0
-245.0
-326.0
-299.0
-252.0
-254.0
-317.0
-299.0
-308.0
-308.0
-245.0
-218.0
-290.0
-254.0
-290.0
-317.0
-222.0
-272.0
-263.0
-281.0
-263.0
-50.0
-263.0
-317.0
-263.0
-272.0
-245.0
-15.0
-147.0
-82.0
-290.0
-272.0
-299.0
-308.0
-199.0
-308.0
-290.0
-281.0
-272.0
-155.0
-308.0
-263.0
-272.0
-245.0
-263.0
-236.0
-43.0
-263.0
-290.0
-263.0
-281.0
-130.0
-272.0
-290.0
-263.0
-245.0
-272.0
-272.0
-90.0
-245.0
-299.0
-245.0
-190.0
-281.0
-245.0
-281.0
-290.0
-38.0
-245.0
-1.0
-254.0
-254.0
-272.0
-290.0
-254.0
-281.0
-281.0
-218.0
-317.0
-263.0
-299.0
-461.0
9.0
-299.0
-281.0
-178.0
-254.0
-218.0
-236.0
-227.0
-263.0
-245.0
-236.0
-245.0
-272.0
-245.0
-263.0
-299.0
-272.0
-290.0
-15.0
-290.0
-236.0
-245.0
-263.0
-263.0
-138.0
-253.0
-254.0
-227.0
-114.0
-14.0
1.0
-272.0
-4.0
-281.0
-245.0
-263.0
-263.0
-106.0
-254.0
-281.0
-129.0
-25.0
-1.0
-272.0
6.0
-8.0
-272.0
14.0
-299.0
-245.0
-107.0
12.0
-272.0
-299.0
-263.0
-172.0
4.0
-77.0
-272.0
-113.0
12.0
-51.0
1.0
-159.0
-227.0
-47.0
-46.0
-254.0
-109.0
-25.0
-178.0
9.0
-317.0
-99.0
-272.0
0.0
-187.0
-86.0
-245.0
-236.0
-23.0
-56.0
-259.0
11.0
-245.0
-299.0
-3.0
-94.0
-34.0
-227.0
-52.0
-218.0
11.0
10.0
-1.0
-99.0
-41.0
-218.0
-254.0
-218.0
-1.0
-7.0
-13.0
-290.0
-2.0
7.0
-147.0
6.0
-245.0
0.0
-87.0
-254.0
-101.0
-36.0
-4.0
-99.0
2.0
-16.0
-263.0
-2.0
-272.0
-167.0
-14.0
-9.0
-24.0
8.0
0.0
-11.0
8.0
0.0
8.0
-136.0
13.0
10.0
-15.0
2.0
-3.0
8.0
7.0
7.0
9.0
5.0
11.0
-28.0
-11.0
-6.0
-2.0
-6.0
-21.0
-236.0
-83.0
-1.0
8.0
2.0
11.0
-10.0
6.0
4.0
-15.0
7.0
2.0
-15.0
9.0
8.0
-1.0
-236.0
7.0
-132.0
-44.0
-36.0
-16.0
5.0
-42.0
-125.0
7.0
4.0
-272.0
6.0
4.0
12.0
5.0
-57.0
-2.0
-96.0
0.0
-45.0
11.0
6.0
-171.0
-20.0
-4.0
5.0
-4.0
1.0
11.0
5.0
10.0
6.0
-148.0
-236.0
-23.0
4.0
-8.0
-281.0
-3.0
-12.0
-12.0
14.0
6.0
9.0
-45.0
-3.0
0.0
-68.0
-2.0
2.0
-109.0
-2.0
-220.0
7.0
-5.0
-3.0
-113.0
-1.0
-3.0
-236.0
-68.0
-236.0
-533.0
-2.0
3.0
-263.0
-40.0
-177.0
-2.0
-16.0
8.0
-236.0
-73.0
-6.0
-52.0
-5.0
8.0
-129.0
11.0
3.0
-230.0
6.0
-227.0
0.0
10.0
15.0
13.0
4.0
8.0
-17.0
5.0
-35.0
12.0
-143.0
-39.0
-10.0
-9.0
9.0
1.0
10.0
-2.0
10.0
11.0
4.0
-14.0
13.0
4.0
6.0
8.0
8.0
12.0
1.0
7.0
-4.0
7.0
-3.0
-75.0
-5.0
10.0
10.0
5.0
8.0
9.0
5.0
8.0
-263.0
7.0
7.0
-175.0
0.0
-218.0
-42.0
4.0
-209.0
-199.0
5.0
-4.0
2.0
9.0
11.0
-36.0
0.0
-1.0
7.0
6.0
-16.0
8.0
2.0
-50.0
-4.0
5.0
-45.0
-16.0
6.0
11.0
-4.0
9.0
0.0
7.0
-47.0
-5.0
-46.0
10.0
-24.0
4.0
11.0
13.0
-1.0
9.0
9.0
14.0
-9.0
-106.0
-113.0
8.0
15.0
4.0
12.0
-4.0
-4.0
6.0
-110.0
-2.0
-84.0
-142.0
-209.0
7.0
-29.0
7.0
-115.0
9.0
-187.0
12.0
7.0
11.0
3.0
5.0
10.0
6.0
-155.0
12.0
11.0
11.0
5.0
12.0
2.0
5.0
-1.0
-5.0
1.0
-209.0
2.0
0.0
5.0
-1.0
9.0
6.0
-236.0
7.0
7.0
-28.0
4.0
8.0
4.0
-6.0
11.0
3.0
6.0
5.0
12.0
-8.0
-6.0
1.0
3.0
-10.0
13.0
-2.0
-16.0
-227.0
7.0
7.0
8.0
-227.0
6.0
10.0
-11.0
-5.0
-7.0
8.0
12.0
-57.0
7.0
-209.0
1.0
11.0
3.0
9.0
6.0
-171.0
12.0
-140.0
-1.0
-245.0
-10.0
-113.0
-99.0
-57.0
6.0
8.0
11.0
12.0
7.0
-4.0
-43.0
-6.0
-93.0
7.0
-2.0
-15.0
-169.0
-5.0
-113.0
-132.0
-19.0
-24.0
-18.0
-254.0
-52.0
10.0
-1.0
-200.0
-5.0
11.0
6.0
-13.0
-7.0
-6.0
10.0
10.0
-100.0
-65.0
11.0
-30.0
5.0
4.0
-48.0
-2.0
-17.0
-3.0
9.0
-218.0
4.0
6.0
-121.0
9.0
-11.0
10.0
8.0
12.0
6.0
-53.0
-126.0
13.0
11.0
-22.0
-72.0
6.0
7.0
-19.0
3.0
-71.0
4.0
7.0
3.0
7.0
-38.0
-218.0
6.0
6.0
6.0
9.0
7.0
9.0
6.0
12.0
-218.0
7.0
13.0
-78.0
6.0
-31.0
-56.0
11.0
2.0
7.0
-7.0
3.0
-141.0
-218.0
1.0
5.0
7.0
6.0
6.0
5.0
-5.0
-218.0
14.0
-122.0
-145.0
2.0
10.0
-200.0
-200.0
0.0
-151.0
14.0
11.0
5.0
-3.0
10.0
-3.0
10.0
-227.0
7.0
7.0
-17.0
-14.0
-3.0
10.0
-4.0
8.0
2.0
7.0
-3.0
9.0
1.0
7.0
9.0
-100.0
6.0
-144.0
9.0
8.0
9.0
-18.0
12.0
9.0
-34.0
-56.0
8.0
9.0
-92.0
5.0
7.0
5.0
-62.0
7.0
-3.0
12.0
1.0
7.0
4.0
-5.0
11.0
4.0
7.0
13.0
-5.0
7.0
5.0
5.0
10.0
9.0
-4.0
8.0
13.0
11.0
-2.0
10.0
5.0
7.0
6.0
-7.0
-6.0
-1.0
6.0
12.0
9.0
9.0
-11.0
-4.0
3.0
10.0
5.0
11.0
7.0
5.0
7.0
11.0
9.0
13.0
8.0
7.0
4.0
0.0
2.0
-34.0
7.0
-158.0
9.0
7.0
4.0
8.0
-6.0
12.0
6.0
9.0
11.0
4.0
5.0
10.0
5.0
-71.0
12.0
10.0
10.0
0.0
-79.0
10.0
9.0
7.0
8.0
10.0
10.0
-1.0
-5.0
-7.0
6.0
6.0
-27.0
8.0
-7.0
11.0
6.0
6.0
14.0
5.0
8.0
-236.0
9.0
4.0
8.0
4.0
2.0
12.0
-209.0
6.0
6.0
8.0
6.0
12.0
-8.0
6.0
5.0
10.0
-3.0
12.0
9.0
8.0
8.0
3.0
9.0
11.0
12.0
7.0
5.0
6.0
13.0
11.0
5.0
7.0
3.0
5.0
8.0
5.0
13.0
10.0
5.0
2.0
6.0
8.0
7.0
7.0
15.0
10.0
7.0
6.0
11.0
5.0
6.0
5.0
-54.0
5.0
2.0
6.0
10.0
5.0
5.0
4.0
10.0
3.0
7.0
13.0
6.0
6.0
-7.0
11.0
7.0
5.0
6.0
7.0
10.0
-3.0
9.0
14.0
7.0
-42.0
4.0
9.0
11.0
9.0
12.0
4.0
11.0
11.0
5.0
8.0
-1.0
7.0
-2.0
6.0
8.0
6.0
8.0
-3.0
7.0
7.0
4.0
8.0
11.0
10.0
8.0
13.0
8.0
5.0
6.0
1.0
11.0
3.0
12.0
14.0
9.0
12.0
0.0
6.0
5.0
6.0
6.0
6.0
6.0
8.0
7.0
8.0
5.0
-1.0
9.0
6.0
4.0
5.0
7.0
10.0
-5.0
6.0
11.0
7.0
7.0
8.0
8.0
5.0
4.0
8.0
9.0
2.0
3.0
6.0
9.0
2.0
-7.0
11.0
10.0
6.0
9.0
9.0
8.0
13.0
5.0
5.0
10.0
10.0
9.0
7.0
8.0
2.0
9.0
5.0
-9.0
5.0
4.0
7.0
12.0
7.0
6.0
7.0
8.0
8.0
7.0
4.0
8.0
6.0
8.0
9.0
9.0
6.0
5.0
7.0
7.0
-209.0
5.0
8.0
9.0
6.0
9.0
-108.0
8.0
9.0
10.0
8.0
8.0
4.0
-141.0
5.0
9.0
6.0
9.0
9.0
5.0
4.0
9.0
10.0
4.0
-4.0
10.0
8.0
7.0
-9.0
8.0
2.0
4.0
11.0
9.0
9.0
1.0
10.0
8.0
12.0
8.0
8.0
5.0
11.0
-6.0
5.0
-6.0
10.0
13.0
3.0
7.0
3.0
-8.0
7.0
6.0
10.0
8.0
8.0
7.0
5.0
8.0
10.0
8.0
2.0
-33.0
2.0
9.0
5.0
7.0
8.0
9.0
8.0
8.0
-1.0
7.0
7.0
-200.0
-6.0
8.0
9.0
8.0
10.0
-32.0
14.0
9.0
15.0
7.0
0.0
12.0
-3.0
12.0
7.0
7.0
-91.0
9.0
6.0
8.0
12.0
13.0
11.0
15.0
6.0
8.0
6.0
2.0
3.0
5.0
13.0
11.0
5.0
5.0
4.0
10.0
12.0
8.0
11.0
10.0
9.0
9.0
8.0
9.0
6.0
6.0
4.0
10.0
11.0
12.0
4.0
4.0
9.0
11.0
4.0
10.0
10.0
5.0
7.0
3.0
10.0
7.0
5.0
7.0
4.0
13.0
4.0
5.0
5.0
6.0
8.0
14.0
10.0
8.0
9.0
4.0
7.0
11.0
7.0
14.0
8.0
8.0
5.0
8.0
10.0
11.0
4.0
4.0
4.0
8.0
5.0
8.0
13.0
5.0
9.0
8.0
5.0
3.0
9.0
0.0
7.0
6.0
11.0
9.0
4.0
11.0
6.0
9.0
-209.0
5.0
-23.0
-6.0
13.0
11.0
4.0
5.0
13.0
-209.0
8.0
9.0
-7.0
8.0
3.0
10.0
8.0
7.0
6.0
2.0
10.0
4.0
6.0
7.0
2.0
12.0
-2.0
9.0
10.0
9.0
10.0
11.0
5.0
6.0
8.0
4.0
13.0
9.0
8.0
10.0
10.0
6.0
3.0
10.0
7.0
7.0
9.0
3.0
7.0
4.0
7.0
6.0
10.0
4.0
10.0
12.0
11.0
10.0
3.0
11.0
3.0
8.0
4.0
5.0
7.0
6.0
9.0
3.0
7.0
9.0
4.0
13.0
5.0
5.0
7.0
8.0
8.0
3.0
8.0
7.0
4.0
13.0
6.0
7.0
3.0
10.0
11.0
4.0
8.0
4.0
6.0
4.0
8.0
5.0
9.0
2.0
8.0
11.0
10.0
14.0
7.0
7.0
11.0
7.0
10.0
12.0
5.0
11.0
7.0
8.0
10.0
5.0
9.0
4.0
8.0
2.0
9.0
5.0
8.0
6.0
9.0
5.0
12.0
11.0
6.0
5.0
-2.0
3.0
8.0
10.0
6.0
7.0
6.0
5.0
7.0
2.0
6.0
7.0
9.0
10.0
10.0
10.0
7.0
6.0
10.0
9.0
11.0
8.0
6.0
0.0
4.0
11.0
5.0
11.0
13.0
6.0
7.0
8.0
4.0
9.0
9.0
7.0
5.0
11.0
4.0
12.0
11.0
8.0
7.0
8.0
4.0
7.0
5.0
8.0
6.0
7.0
9.0
2.0
14.0
7.0
9.0
7.0
9.0
5.0
5.0
5.0
9.0
7.0
3.0
14.0
9.0
6.0
7.0
6.0
7.0
10.0
7.0
10.0
8.0
7.0
6.0
5.0
11.0
6.0
6.0
13.0
12.0
5.0
5.0
6.0
12.0
5.0
5.0
9.0
7.0
10.0
-3.0
3.0
5.0
14.0
13.0
12.0
9.0
4.0
11.0
5.0
5.0
9.0
8.0
10.0
9.0
-4.0
11.0
5.0
9.0
6.0
4.0
6.0
5.0
6.0
6.0
11.0
1.0
8.0
10.0
6.0
2.0
1.0
6.0
9.0
7.0
8.0
7.0
8.0
9.0
4.0
6.0
13.0
5.0
5.0
5.0
3.0
5.0
10.0
12.0
8.0
6.0
4.0
5.0
12.0
11.0
5.0
7.0
5.0
11.0
8.0
-4.0
-5.0
8.0
12.0
9.0
7.0
7.0
5.0
-2.0
3.0
4.0
7.0
7.0
7.0
10.0
6.0
2.0
10.0
5.0
8.0
8.0
11.0
4.0
-200.0
7.0
7.0
7.0
7.0
5.0
3.0
-1.0
9.0
6.0
9.0
5.0
7.0
10.0
9.0
13.0
6.0
7.0
3.0
8.0
8.0
13.0
4.0
8.0
12.0
5.0
10.0
7.0
4.0
11.0
11.0
9.0
11.0
4.0
10.0
8.0
10.0
5.0
9.0
9.0
6.0
9.0
6.0
6.0
8.0
2.0
9.0
7.0
7.0
7.0
9.0
7.0
5.0
8.0
8.0
12.0
9.0
3.0
5.0
9.0
5.0
8.0
11.0
6.0
-7.0
9.0
11.0
9.0
5.0
-18.0
8.0
7.0
9.0
5.0
11.0
5.0
8.0
7.0
9.0
-9.0
10.0
10.0
9.0
3.0
12.0
7.0
6.0
5.0
13.0
6.0
10.0
5.0
15.0
10.0
10.0
4.0
7.0
6.0
7.0
5.0
2.0
11.0
7.0
10.0
10.0
9.0
1.0
12.0
11.0
9.0
10.0
8.0
6.0
4.0
7.0
5.0
-200.0
5.0
6.0
4.0
10.0
7.0
12.0
7.0
11.0
8.0
9.0
5.0
11.0
2.0
13.0
9.0
5.0
6.0
6.0
8.0
4.0
10.0
11.0
4.0
-200.0
7.0
9.0
11.0
3.0
1.0
6.0
8.0
8.0
5.0
5.0
4.0
11.0
-22.0
12.0
7.0
12.0
6.0
11.0
12.0
6.0
5.0
9.0
9.0
-2.0
10.0
4.0
5.0
8.0
9.0
9.0
11.0
5.0
12.0
5.0
9.0
9.0
13.0
9.0
10.0
5.0
11.0
13.0
10.0
12.0
8.0
5.0
6.0
8.0
12.0
13.0
7.0
7.0
6.0
9.0
8.0
1.0
6.0
8.0
4.0
6.0
6.0
6.0
12.0
10.0
8.0
11.0
8.0
5.0
8.0
9.0
6.0
7.0
9.0
11.0
2.0
8.0
3.0
4.0
6.0
11.0
8.0
11.0
6.0
6.0
10.0
8.0
5.0
12.0
9.0
9.0
8.0
8.0
9.0
4.0
8.0
7.0
4.0
2.0
4.0
4.0
8.0
9.0
8.0
9.0
7.0
3.0
9.0
7.0
5.0
7.0
8.0
8.0
7.0
6.0
11.0
8.0
5.0
7.0
13.0
4.0
6.0
10.0
9.0
8.0
7.0
7.0
3.0
9.0
8.0
13.0
11.0
11.0
10.0
7.0
12.0
6.0
7.0
7.0
9.0
11.0
9.0
13.0
6.0
6.0
12.0
8.0
6.0
7.0
10.0
5.0
7.0
8.0
8.0
10.0
11.0
7.0
7.0
8.0
10.0
7.0
12.0
7.0
6.0
8.0
7.0
5.0
7.0
5.0
7.0
5.0
8.0
1.0
7.0
8.0
9.0
5.0
8.0
10.0
10.0
10.0
8.0
10.0
7.0
6.0
6.0
8.0
10.0
8.0
7.0
5.0
13.0
8.0
12.0
8.0
13.0
7.0
9.0
6.0
8.0
12.0
