-839.0
-875.0
-537.0
-785.0
-821.0
-767.0
-776.0
-839.0
-794.0
-875.0
-848.0
-758.0
-839.0
-848.0
-839.0
-794.0
-812.0
-866.0
-902.0
-57.0
-893.0
-893.0
-767.0
-731.0
-704.0
-632.0
-507.0
-686.0
-605.0
-677.0
-794.0
-632.0
-794.0
-785.0
-731.0
-704.0
-848.0
-767.0
-758.0
-857.0
-749.0
-686.0
-704.0
-794.0
-767.0
-749.0
-316.0
-794.0
-929.0
-695.0
-473.0
-650.0
-839.0
-331.0
-740.0
-767.0
-632.0
-659.0
-221.0
-695.0
-677.0
-659.0
-632.0
-686.0
-776.0
-785.0
-677.0
-731.0
-812.0
-731.0
-776.0
-794.0
-668.0
-695.0
-767.0
-695.0
-767.0
-821.0
-641.0
-776.0
-677.0
-650.0
-542.0
-749.0
-731.0
-659.0
-632.0
-605.0
-704.0
-632.0
-785.0
-758.0
-713.0
-740.0
-578.0
-596.0
-677.0
-587.0
-686.0
-632.0
-713.0
-695.0
-704.0
-533.0
-713.0
-669.0
-614.0
-749.0
-731.0
-713.0
-650.0
-515.0
-704.0
-686.0
-722.0
-695.0
-632.0
-704.0
-659.0
-560.0
-686.0
-704.0
-623.0
-560.0
-695.0
-560.0
-632.0
-668.0
-533.0
-596.0
-632.0
-677.0
-551.0
-677.0
-749.0
-668.0
-623.0
-614.0
-641.0
-587.0
-587.0
-641.0
-587.0
-704.0
-578.0
-614.0
-587.0
-677.0
-605.0
-560.0
-650.0
-758.0
-560.0
-677.0
-416.0
-614.0
-578.0
-542.0
-605.0
-443.0
-659.0
-578.0
-704.0
-542.0
-623.0
-704.0
-641.0
-497.0
-551.0
-632.0
-614.0
-533.0
-497.0
-695.0
-623.0
-524.0
-614.0
-569.0
-650.0
-551.0
-704.0
-578.0
-686.0
-605.0
-587.0
-569.0
-497.0
-605.0
-587.0
-623.0
-623.0
-614.0
-569.0
-560.0
-605.0
-596.0
-587.0
-632.0
-605.0
-614.0
-578.0
-614.0
-587.0
-641.0
-533.0
-641.0
-605.0
-614.0
-605.0
-524.0
-551.0
-533.0
-605.0
-623.0
-632.0
-569.0
-533.0
-506.0
-506.0
-659.0
-506.0
-470.0
-542.0
-632.0
-641.0
-524.0
-551.0
-560.0
-530.0
-470.0
-578.0
-524.0
-479.0
-283.0
-650.0
-596.0
-533.0
-470.0
-515.0
-560.0
-533.0
-596.0
-605.0
-623.0
-578.0
-569.0
-614.0
-506.0
-632.0
-623.0
-542.0
-569.0
-587.0
-551.0
-551.0
-542.0
-524.0
-605.0
-488.0
-614.0
-614.0
-578.0
-587.0
-605.0
-659.0
-533.0
-524.0
-560.0
-461.0
-497.0
-587.0
-506.0
-452.0
-560.0
-506.0
-470.0
-533.0
-470.0
-506.0
-605.0
-650.0
-569.0
-605.0
-569.0
-623.0
-596.0
-524.0
-551.0
-515.0
-542.0
-587.0
-551.0
-479.0
-506.0
-578.0
-515.0
-551.0
-605.0
-542.0
-578.0
-524.0
-461.0
-578.0
-587.0
-551.0
-479.0
-461.0
-524.0
-497.0
-515.0
-515.0
-215.0
-506.0
-470.0
-506.0
-479.0
-488.0
-533.0
-515.0
-479.0
-452.0
-461.0
-533.0
-443.0
-497.0
-488.0
-542.0
-542.0
-551.0
-578.0
-416.0
-479.0
-560.0
-434.0
-506.0
-370.0
-479.0
-479.0
-524.0
-488.0
-398.0
-452.0
-461.0
-424.0
-417.0
-515.0
-506.0
-470.0
-587.0
-497.0
-524.0
-533.0
-461.0
-533.0
-596.0
-416.0
-169.0
-533.0
-506.0
-479.0
-470.0
-479.0
-488.0
-479.0
-470.0
-488.0
-461.0
-416.0
-137.0
-398.0
-344.0
-479.0
-533.0
-461.0
-542.0
-434.0
-452.0
-461.0
-443.0
-407.0
-470.0
-461.0
-353.0
-425.0
-542.0
-416.0
-425.0
-488.0
-353.0
-497.0
-434.0
-443.0
-479.0
-398.0
-479.0
-488.0
-479.0
-407.0
-353.0
-434.0
-470.0
-94.0
-425.0
-398.0
-470.0
-488.0
-398.0
-479.0
-407.0
-344.0
-362.0
-371.0
-514.0
-524.0
-344.0
-407.0
-524.0
-335.0
-324.0
-434.0
-416.0
-488.0
-434.0
-407.0
-443.0
-371.0
-407.0
-407.0
-416.0
-407.0
-3.0
-461.0
-15.0
-479.0
-371.0
-461.0
-416.0
-380.0
-362.0
-120.0
-371.0
-470.0
-479.0
-497.0
-362.0
-371.0
-139.0
-209.0
-326.0
-326.0
-425.0
-326.0
-299.0
-443.0
-317.0
-407.0
-452.0
-470.0
-407.0
-416.0
-353.0
-425.0
-425.0
-398.0
-115.0
-371.0
-416.0
-389.0
-452.0
-335.0
-407.0
-46.0
-398.0
-380.0
-90.0
-470.0
-130.0
-398.0
-335.0
-389.0
-214.0
-443.0
-452.0
-326.0
-256.0
-452.0
-362.0
-452.0
-380.0
-389.0
-443.0
-326.0
-284.0
-425.0
-470.0
-380.0
-407.0
-398.0
-407.0
-28.0
-88.0
-452.0
-416.0
-230.0
-515.0
-107.0
-380.0
-308.0
-380.0
-425.0
-371.0
-317.0
-91.0
-274.0
-362.0
-335.0
-389.0
-371.0
-443.0
-389.0
-335.0
-89.0
-362.0
-326.0
-353.0
-344.0
-389.0
-21.0
-90.0
-95.0
-344.0
-335.0
-299.0
-353.0
-344.0
-183.0
-308.0
-398.0
-60.0
-380.0
-371.0
-443.0
-425.0
-28.0
-335.0
-470.0
-33.0
-14.0
-46.0
-290.0
-86.0
-326.0
-371.0
-89.0
-362.0
-114.0
-353.0
-344.0
-380.0
-308.0
7.0
-107.0
-335.0
-21.0
-212.0
-416.0
-47.0
-242.0
-136.0
-126.0
-344.0
-371.0
-335.0
-290.0
-380.0
-12.0
-85.0
-241.0
-335.0
-194.0
-371.0
-344.0
-188.0
-30.0
-164.0
-96.0
-398.0
-48.0
-27.0
-273.0
-146.0
-380.0
-425.0
-335.0
-239.0
-335.0
-371.0
-149.0
-135.0
-317.0
-353.0
-147.0
-130.0
-197.0
-66.0
-371.0
-12.0
-371.0
-425.0
-103.0
-317.0
-40.0
-113.0
-344.0
-380.0
-380.0
-135.0
-35.0
2.0
-245.0
-425.0
-326.0
-308.0
-299.0
-263.0
-207.0
-53.0
-353.0
-57.0
-425.0
-299.0
-335.0
-283.0
-317.0
-170.0
7.0
-51.0
-317.0
-380.0
9.0
0.0
10.0
-362.0
-81.0
-109.0
-299.0
-194.0
-362.0
-27.0
-32.0
-146.0
-127.0
8.0
-66.0
-180.0
-41.0
-15.0
-272.0
2.0
2.0
-44.0
-55.0
3.0
-23.0
-128.0
-299.0
-335.0
-57.0
-51.0
0.0
4.0
-187.0
-32.0
-89.0
5.0
-37.0
-169.0
0.0
-335.0
3.0
-21.0
-31.0
-72.0
-14.0
-118.0
-142.0
-22.0
-161.0
-24.0
-49.0
-3.0
-70.0
-177.0
-371.0
-31.0
8.0
4.0
-326.0
-38.0
-12.0
-362.0
-123.0
-110.0
-344.0
-178.0
-69.0
0.0
-224.0
-118.0
-201.0
-12.0
-1.0
-181.0
-22.0
-18.0
-17.0
-22.0
-9.0
-215.0
0.0
-66.0
-353.0
-371.0
-87.0
-136.0
-353.0
-105.0
-67.0
-256.0
-335.0
-75.0
-335.0
-281.0
-326.0
-141.0
-116.0
-92.0
-308.0
-326.0
-101.0
-203.0
-19.0
-50.0
-326.0
-335.0
-353.0
-326.0
-63.0
-142.0
-308.0
-31.0
-105.0
-380.0
-92.0
-24.0
-55.0
-202.0
-52.0
-281.0
-317.0
-15.0
-335.0
-73.0
-353.0
-308.0
-74.0
-362.0
-25.0
-33.0
-317.0
-344.0
-49.0
-8.0
-202.0
-335.0
-136.0
-335.0
-335.0
-219.0
-335.0
-326.0
-33.0
-362.0
-23.0
-308.0
-18.0
7.0
-89.0
1.0
-220.0
-18.0
-131.0
-308.0
-1.0
14.0
-308.0
9.0
-9.0
-1.0
-353.0
10.0
13.0
-299.0
-26.0
7.0
-12.0
-281.0
-12.0
-185.0
7.0
-3.0
-353.0
-1.0
-219.0
-353.0
-317.0
-105.0
12.0
6.0
-32.0
-25.0
3.0
-344.0
-49.0
-233.0
-2.0
-56.0
1.0
-52.0
8.0
-95.0
-25.0
-371.0
-92.0
-34.0
-344.0
-13.0
-290.0
-52.0
-53.0
3.0
-263.0
-2.0
-86.0
-353.0
-90.0
2.0
13.0
14.0
-272.0
-12.0
8.0
12.0
0.0
-15.0
-51.0
-160.0
-172.0
-28.0
4.0
-112.0
-245.0
-51.0
11.0
3.0
-229.0
-335.0
3.0
-308.0
-272.0
7.0
13.0
-11.0
-125.0
10.0
-6.0
-86.0
-7.0
9.0
-110.0
5.0
-29.0
-78.0
-6.0
-290.0
8.0
8.0
-14.0
-227.0
-5.0
0.0
-10.0
-8.0
-7.0
-19.0
8.0
9.0
-6.0
-52.0
8.0
6.0
-1.0
1.0
-5.0
6.0
-2.0
-19.0
-1.0
7.0
-5.0
-12.0
6.0
-12.0
-12.0
6.0
-4.0
5.0
-1.0
-6.0
-16.0
10.0
-15.0
-17.0
9.0
-24.0
-11.0
-37.0
2.0
-6.0
-18.0
-9.0
7.0
-4.0
-84.0
-9.0
-174.0
-5.0
-29.0
8.0
-7.0
4.0
-61.0
-7.0
-12.0
-17.0
6.0
7.0
-9.0
0.0
0.0
-9.0
2.0
-5.0
5.0
7.0
-7.0
-6.0
-5.0
-45.0
12.0
-4.0
-17.0
-22.0
-15.0
8.0
-2.0
7.0
7.0
3.0
-24.0
-10.0
2.0
-3.0
-12.0
-9.0
3.0
3.0
-10.0
6.0
-1.0
0.0
7.0
-1.0
-1.0
-2.0
8.0
-5.0
7.0
6.0
-15.0
6.0
-7.0
-1.0
11.0
2.0
5.0
12.0
6.0
7.0
-26.0
-4.0
10.0
4.0
14.0
-2.0
8.0
-2.0
-52.0
9.0
-24.0
-1.0
6.0
11.0
-3.0
-14.0
4.0
-10.0
5.0
9.0
-24.0
-22.0
-23.0
-15.0
6.0
-3.0
2.0
2.0
-11.0
2.0
8.0
3.0
-10.0
4.0
13.0
10.0
13.0
6.0
-5.0
-5.0
-15.0
11.0
3.0
9.0
1.0
10.0
-4.0
-8.0
3.0
-1.0
-2.0
4.0
11.0
7.0
-4.0
2.0
4.0
3.0
9.0
4.0
-13.0
-16.0
-5.0
11.0
-6.0
12.0
-18.0
-7.0
9.0
8.0
-4.0
3.0
14.0
6.0
9.0
5.0
-10.0
-9.0
-4.0
1.0
7.0
14.0
15.0
0.0
7.0
9.0
5.0
-4.0
6.0
9.0
7.0
8.0
-7.0
-2.0
5.0
-29.0
8.0
6.0
2.0
-10.0
3.0
-6.0
5.0
11.0
-17.0
7.0
-3.0
-9.0
11.0
-6.0
9.0
-2.0
-14.0
9.0
-4.0
11.0
7.0
7.0
1.0
1.0
-5.0
-14.0
14.0
-1.0
-9.0
4.0
7.0
7.0
-3.0
-25.0
4.0
9.0
8.0
5.0
6.0
11.0
7.0
0.0
5.0
7.0
-7.0
-120.0
2.0
3.0
5.0
-7.0
15.0
7.0
5.0
4.0
-3.0
-2.0
5.0
11.0
-250.0
9.0
-154.0
10.0
7.0
8.0
-4.0
-19.0
-3.0
10.0
9.0
9.0
6.0
5.0
6.0
-21.0
5.0
15.0
-1.0
1.0
8.0
9.0
5.0
11.0
7.0
4.0
13.0
8.0
-5.0
-5.0
-83.0
8.0
-38.0
4.0
-3.0
8.0
9.0
15.0
14.0
10.0
10.0
-1.0
-3.0
7.0
9.0
10.0
4.0
0.0
13.0
9.0
13.0
4.0
0.0
7.0
10.0
-4.0
-1.0
7.0
2.0
-10.0
-1.0
10.0
8.0
5.0
8.0
8.0
6.0
8.0
11.0
1.0
6.0
-5.0
6.0
-1.0
6.0
-20.0
6.0
6.0
-2.0
1.0
-6.0
10.0
7.0
7.0
-4.0
-2.0
9.0
8.0
-6.0
9.0
6.0
5.0
1.0
6.0
3.0
6.0
12.0
5.0
-6.0
2.0
8.0
7.0
7.0
9.0
10.0
-204.0
8.0
9.0
9.0
-245.0
9.0
8.0
8.0
9.0
10.0
1.0
1.0
8.0
-4.0
4.0
-21.0
11.0
-1.0
-5.0
2.0
11.0
10.0
9.0
0.0
7.0
5.0
2.0
8.0
4.0
9.0
9.0
11.0
11.0
10.0
14.0
9.0
9.0
7.0
-6.0
2.0
-5.0
-1.0
8.0
14.0
9.0
7.0
6.0
5.0
5.0
-2.0
13.0
6.0
8.0
-8.0
-42.0
-1.0
7.0
-4.0
11.0
-6.0
-2.0
-29.0
-10.0
-2.0
7.0
-27.0
6.0
1.0
8.0
6.0
0.0
11.0
5.0
9.0
12.0
8.0
-138.0
-3.0
11.0
4.0
13.0
0.0
12.0
10.0
6.0
3.0
-1.0
-2.0
8.0
6.0
5.0
-23.0
13.0
10.0
3.0
-4.0
9.0
10.0
-3.0
6.0
7.0
8.0
7.0
3.0
2.0
-1.0
5.0
3.0
5.0
2.0
9.0
9.0
11.0
0.0
5.0
10.0
11.0
8.0
9.0
9.0
-3.0
7.0
-188.0
9.0
-3.0
8.0
11.0
3.0
1.0
12.0
-1.0
9.0
-16.0
5.0
9.0
9.0
5.0
6.0
-2.0
6.0
0.0
7.0
3.0
3.0
-4.0
8.0
11.0
-5.0
4.0
6.0
6.0
-4.0
5.0
-16.0
-16.0
9.0
12.0
12.0
14.0
9.0
1.0
-4.0
7.0
11.0
3.0
2.0
8.0
9.0
7.0
-1.0
9.0
-3.0
12.0
8.0
4.0
8.0
9.0
-2.0
-4.0
-9.0
10.0
-4.0
7.0
12.0
8.0
6.0
2.0
7.0
8.0
5.0
1.0
-3.0
5.0
-23.0
8.0
1.0
8.0
-2.0
7.0
7.0
7.0
4.0
7.0
6.0
1.0
-5.0
5.0
10.0
0.0
4.0
8.0
9.0
3.0
-3.0
2.0
13.0
8.0
7.0
6.0
3.0
-10.0
-4.0
6.0
6.0
7.0
9.0
10.0
2.0
-7.0
6.0
8.0
12.0
5.0
8.0
5.0
10.0
4.0
-16.0
-48.0
4.0
3.0
-6.0
5.0
9.0
-1.0
8.0
7.0
9.0
-2.0
3.0
15.0
8.0
13.0
5.0
10.0
5.0
4.0
10.0
-10.0
6.0
14.0
9.0
7.0
8.0
5.0
8.0
4.0
6.0
9.0
11.0
9.0
-5.0
7.0
3.0
3.0
7.0
5.0
11.0
5.0
8.0
11.0
13.0
10.0
5.0
9.0
-5.0
8.0
-135.0
-78.0
7.0
4.0
13.0
8.0
7.0
7.0
-5.0
4.0
11.0
8.0
7.0
5.0
6.0
8.0
6.0
7.0
7.0
11.0
8.0
0.0
3.0
9.0
6.0
6.0
-3.0
8.0
10.0
9.0
8.0
-6.0
-6.0
10.0
4.0
12.0
9.0
7.0
9.0
6.0
14.0
-3.0
7.0
-1.0
7.0
7.0
5.0
2.0
7.0
8.0
8.0
5.0
-4.0
-2.0
8.0
5.0
3.0
9.0
9.0
4.0
13.0
4.0
9.0
3.0
2.0
11.0
6.0
15.0
6.0
10.0
8.0
7.0
5.0
11.0
9.0
12.0
11.0
-10.0
7.0
9.0
-4.0
4.0
4.0
5.0
-7.0
8.0
7.0
5.0
12.0
1.0
4.0
6.0
-4.0
8.0
10.0
3.0
9.0
10.0
1.0
9.0
8.0
14.0
6.0
13.0
4.0
1.0
-6.0
-4.0
8.0
-5.0
2.0
7.0
7.0
10.0
3.0
-1.0
9.0
7.0
8.0
8.0
4.0
5.0
5.0
8.0
10.0
-4.0
6.0
9.0
8.0
5.0
6.0
10.0
-96.0
9.0
8.0
9.0
5.0
8.0
9.0
8.0
4.0
6.0
12.0
-3.0
2.0
11.0
10.0
7.0
4.0
9.0
6.0
7.0
-5.0
8.0
7.0
9.0
0.0
5.0
6.0
11.0
7.0
11.0
7.0
10.0
-51.0
14.0
5.0
9.0
2.0
8.0
-5.0
9.0
5.0
9.0
15.0
7.0
8.0
-10.0
8.0
10.0
12.0
6.0
13.0
10.0
9.0
-4.0
-5.0
10.0
3.0
7.0
10.0
1.0
11.0
5.0
8.0
9.0
8.0
9.0
8.0
6.0
9.0
7.0
-3.0
11.0
9.0
0.0
8.0
6.0
-1.0
9.0
6.0
10.0
5.0
7.0
5.0
8.0
8.0
9.0
-1.0
8.0
8.0
4.0
11.0
6.0
7.0
11.0
11.0
3.0
7.0
10.0
11.0
6.0
3.0
8.0
7.0
9.0
5.0
5.0
11.0
-1.0
7.0
4.0
9.0
7.0
10.0
7.0
3.0
-1.0
6.0
9.0
4.0
4.0
7.0
15.0
11.0
-8.0
12.0
3.0
-5.0
9.0
5.0
8.0
8.0
12.0
-1.0
0.0
-2.0
4.0
9.0
11.0
2.0
7.0
1.0
7.0
9.0
5.0
6.0
8.0
7.0
-2.0
8.0
10.0
8.0
-3.0
10.0
7.0
9.0
-6.0
7.0
11.0
9.0
4.0
9.0
4.0
11.0
10.0
3.0
6.0
9.0
9.0
7.0
5.0
10.0
6.0
12.0
5.0
6.0
15.0
6.0
14.0
7.0
4.0
4.0
11.0
5.0
5.0
-4.0
4.0
8.0
5.0
6.0
10.0
11.0
-5.0
13.0
12.0
7.0
8.0
7.0
4.0
-106.0
5.0
6.0
8.0
11.0
9.0
12.0
9.0
11.0
3.0
5.0
5.0
9.0
7.0
7.0
9.0
6.0
6.0
5.0
5.0
5.0
8.0
7.0
5.0
7.0
7.0
6.0
10.0
6.0
13.0
10.0
-16.0
13.0
6.0
11.0
12.0
6.0
9.0
12.0
11.0
-2.0
9.0
9.0
11.0
-4.0
11.0
11.0
10.0
8.0
8.0
-2.0
4.0
9.0
11.0
4.0
9.0
7.0
-1.0
6.0
4.0
7.0
6.0
7.0
10.0
5.0
5.0
12.0
4.0
3.0
9.0
7.0
8.0
8.0
10.0
2.0
9.0
9.0
12.0
-32.0
-209.0
10.0
9.0
6.0
12.0
10.0
10.0
2.0
4.0
-6.0
13.0
6.0
10.0
15.0
11.0
6.0
7.0
6.0
-1.0
10.0
2.0
6.0
1.0
10.0
5.0
4.0
11.0
4.0
8.0
5.0
13.0
-2.0
5.0
10.0
7.0
4.0
7.0
7.0
5.0
6.0
-1.0
11.0
6.0
11.0
8.0
8.0
11.0
10.0
13.0
8.0
14.0
7.0
6.0
8.0
5.0
4.0
14.0
6.0
8.0
9.0
9.0
5.0
5.0
10.0
9.0
7.0
7.0
6.0
4.0
7.0
11.0
7.0
5.0
-7.0
11.0
8.0
9.0
6.0
12.0
8.0
10.0
6.0
6.0
13.0
6.0
-4.0
7.0
5.0
7.0
4.0
6.0
-7.0
-5.0
11.0
9.0
8.0
13.0
9.0
3.0
5.0
8.0
-3.0
10.0
3.0
10.0
10.0
9.0
6.0
13.0
8.0
4.0
9.0
13.0
10.0
7.0
5.0
8.0
9.0
10.0
5.0
8.0
4.0
6.0
13.0
9.0
5.0
9.0
5.0
12.0
11.0
7.0
10.0
7.0
15.0
13.0
4.0
6.0
8.0
8.0
12.0
13.0
9.0
-10.0
9.0
5.0
-1.0
-2.0
8.0
7.0
8.0
9.0
0.0
10.0
7.0
9.0
2.0
9.0
4.0
4.0
11.0
4.0
9.0
7.0
10.0
7.0
7.0
8.0
4.0
12.0
8.0
9.0
10.0
5.0
5.0
9.0
14.0
6.0
6.0
4.0
7.0
12.0
9.0
6.0
13.0
7.0
6.0
6.0
8.0
5.0
9.0
15.0
14.0
11.0
-3.0
9.0
9.0
8.0
9.0
13.0
5.0
10.0
9.0
6.0
9.0
5.0
5.0
7.0
5.0
5.0
8.0
8.0
1.0
6.0
9.0
13.0
5.0
5.0
12.0
8.0
11.0
-123.0
5.0
7.0
4.0
-6.0
8.0
8.0
8.0
5.0
8.0
-6.0
5.0
5.0
9.0
11.0
9.0
6.0
-30.0
9.0
11.0
9.0
8.0
10.0
6.0
3.0
8.0
-1.0
9.0
10.0
-4.0
11.0
8.0
7.0
7.0
12.0
7.0
7.0
8.0
8.0
-3.0
12.0
6.0
7.0
7.0
8.0
9.0
10.0
6.0
9.0
6.0
8.0
8.0
13.0
6.0
7.0
11.0
3.0
6.0
12.0
6.0
1.0
11.0
11.0
8.0
7.0
8.0
8.0
-218.0
5.0
10.0
10.0
9.0
2.0
7.0
12.0
7.0
7.0
9.0
8.0
8.0
4.0
6.0
5.0
3.0
8.0
10.0
4.0
7.0
7.0
6.0
6.0
4.0
11.0
9.0
8.0
5.0
5.0
7.0
5.0
9.0
11.0
10.0
7.0
7.0
11.0
5.0
7.0
7.0
11.0
4.0
7.0
9.0
9.0
10.0
4.0
14.0
8.0
11.0
6.0
4.0
4.0
11.0
8.0
12.0
5.0
9.0
7.0
5.0
13.0
5.0
11.0
6.0
10.0
13.0
5.0
9.0
4.0
9.0
12.0
6.0
6.0
7.0
9.0
9.0
9.0
11.0
5.0
5.0
12.0
5.0
5.0
5.0
-5.0
-1.0
8.0
4.0
-6.0
7.0
9.0
5.0
0.0
8.0
10.0
8.0
6.0
6.0
6.0
9.0
8.0
10.0
3.0
7.0
10.0
9.0
8.0
5.0
5.0
-9.0
9.0
12.0
14.0
12.0
9.0
8.0
5.0
12.0
6.0
8.0
7.0
5.0
-3.0
-3.0
10.0
5.0
11.0
8.0
-4.0
7.0
9.0
8.0
5.0
9.0
11.0
7.0
3.0
8.0
7.0
8.0
6.0
5.0
4.0
7.0
0.0
-112.0
0.0
6.0
14.0
8.0
3.0
6.0
4.0
-3.0
7.0
4.0
10.0
12.0
8.0
12.0
8.0
8.0
14.0
-15.0
7.0
7.0
4.0
9.0
7.0
6.0
-4.0
8.0
6.0
8.0
7.0
13.0
6.0
7.0
10.0
5.0
10.0
7.0
7.0
5.0
7.0
6.0
5.0
6.0
7.0
11.0
15.0
5.0
14.0
9.0
9.0
12.0
7.0
8.0
4.0
9.0
7.0
13.0
8.0
11.0
4.0
5.0
0.0
7.0
10.0
-53.0
-27.0
9.0
-17.0
7.0
8.0
8.0
14.0
5.0
8.0
7.0
5.0
10.0
11.0
8.0
3.0
6.0
10.0
13.0
-158.0
6.0
3.0
6.0
8.0
11.0
4.0
9.0
10.0
5.0
9.0
11.0
4.0
11.0
6.0
11.0
10.0
9.0
7.0
8.0
9.0
4.0
7.0
12.0
8.0
10.0
7.0
11.0
5.0
8.0
6.0
9.0
7.0
11.0
5.0
-26.0
8.0
5.0
11.0
4.0
3.0
8.0
8.0
10.0
7.0
5.0
11.0
8.0
8.0
11.0
3.0
7.0
6.0
8.0
9.0
9.0
7.0
6.0
9.0
15.0
9.0
4.0
9.0
7.0
7.0
8.0
9.0
5.0
4.0
6.0
6.0
9.0
8.0
6.0
10.0
11.0
9.0
11.0
7.0
9.0
10.0
12.0
8.0
7.0
10.0
3.0
9.0
11.0
8.0
6.0
8.0
6.0
8.0
7.0
5.0
9.0
6.0
8.0
7.0
10.0
6.0
7.0
-9.0
7.0
13.0
11.0
5.0
7.0
6.0
12.0
8.0
9.0
4.0
10.0
4.0
14.0
9.0
6.0
10.0
15.0
6.0
10.0
6.0
9.0
4.0
5.0
10.0
11.0
7.0
8.0
9.0
8.0
7.0
8.0
5.0
7.0
6.0
11.0
7.0
10.0
5.0
5.0
6.0
8.0
10.0
7.0
9.0
5.0
7.0
11.0
10.0
7.0
6.0
8.0
5.0
5.0
13.0
1.0
6.0
6.0
7.0
10.0
6.0
3.0
14.0
4.0
8.0
7.0
7.0
7.0
6.0
10.0
4.0
12.0
4.0
4.0
10.0
8.0
7.0
3.0
9.0
10.0
6.0
10.0
6.0
5.0
10.0
5.0
6.0
9.0
12.0
4.0
7.0
9.0
7.0
10.0
7.0
5.0
10.0
8.0
7.0
13.0
3.0
10.0
5.0
3.0
5.0
9.0
5.0
-2.0
12.0
7.0
10.0
7.0
14.0
8.0
8.0
8.0
5.0
8.0
10.0
5.0
13.0
-2.0
9.0
3.0
7.0
6.0
10.0
8.0
11.0
5.0
11.0
7.0
5.0
8.0
6.0
7.0
7.0
10.0
9.0
5.0
8.0
10.0
11.0
6.0
6.0
7.0
8.0
7.0
3.0
12.0
11.0
7.0
6.0
8.0
8.0
4.0
5.0
10.0
10.0
8.0
11.0
11.0
8.0
8.0
6.0
7.0
11.0
6.0
7.0
14.0
8.0
9.0
9.0
14.0
-200.0
9.0
6.0
5.0
8.0
6.0
9.0
6.0
9.0
6.0
10.0
4.0
4.0
9.0
5.0
8.0
7.0
5.0
5.0
11.0
9.0
11.0
9.0
9.0
6.0
14.0
4.0
10.0
10.0
11.0
4.0
3.0
8.0
8.0
14.0
6.0
6.0
10.0
12.0
7.0
10.0
7.0
7.0
5.0
9.0
8.0
5.0
7.0
8.0
5.0
10.0
10.0
10.0
14.0
8.0
5.0
9.0
4.0
9.0
8.0
9.0
7.0
11.0
12.0
6.0
5.0
7.0
11.0
8.0
3.0
10.0
7.0
5.0
7.0
12.0
7.0
3.0
9.0
10.0
9.0
7.0
5.0
9.0
7.0
10.0
5.0
9.0
8.0
8.0
12.0
12.0
15.0
7.0
12.0
14.0
6.0
5.0
7.0
12.0
4.0
11.0
