-920.0
-722.0
-803.0
-947.0
-794.0
-794.0
-893.0
-785.0
-812.0
-785.0
-776.0
-695.0
-830.0
-731.0
-704.0
-794.0
-812.0
-785.0
-875.0
-767.0
-893.0
-821.0
-695.0
-695.0
-722.0
-473.0
-51.0
-686.0
-695.0
-713.0
-902.0
-785.0
-803.0
-776.0
-713.0
-749.0
-794.0
-704.0
-767.0
-776.0
-731.0
-650.0
-632.0
-704.0
-722.0
-830.0
-749.0
-740.0
-740.0
-803.0
-776.0
-803.0
-740.0
-794.0
-731.0
-722.0
-893.0
-659.0
-857.0
-641.0
-659.0
-740.0
-650.0
-704.0
-713.0
-758.0
-695.0
-560.0
-722.0
-668.0
-578.0
-803.0
-677.0
-812.0
-884.0
-560.0
-704.0
-740.0
-776.0
-731.0
-839.0
-722.0
-506.0
-668.0
-803.0
-659.0
-623.0
-767.0
-704.0
-704.0
-668.0
-704.0
-569.0
-641.0
-641.0
-686.0
-740.0
-668.0
-596.0
-686.0
-677.0
-722.0
-722.0
-641.0
-650.0
-722.0
-632.0
-623.0
-704.0
-623.0
-749.0
-614.0
-560.0
-749.0
-668.0
-722.0
-542.0
-578.0
-713.0
-578.0
-623.0
-677.0
-686.0
-668.0
-515.0
-713.0
-641.0
-587.0
-569.0
-650.0
-722.0
-650.0
-668.0
-668.0
-722.0
-605.0
-551.0
-623.0
-686.0
-641.0
-650.0
-632.0
-695.0
-704.0
-614.0
-632.0
-677.0
-614.0
-524.0
-668.0
-166.0
-578.0
-560.0
-623.0
-695.0
-578.0
-596.0
-551.0
-587.0
-506.0
-632.0
-614.0
-632.0
-587.0
-605.0
-605.0
-623.0
-244.0
-614.0
-578.0
-668.0
-668.0
-614.0
-263.0
-296.0
-704.0
-551.0
-587.0
-596.0
-641.0
-560.0
-668.0
-659.0
-596.0
-623.0
-176.0
-578.0
-632.0
-533.0
-533.0
-551.0
-632.0
-596.0
-623.0
-623.0
-641.0
-605.0
-596.0
-452.0
-560.0
-159.0
-587.0
-560.0
-551.0
-470.0
-596.0
-560.0
-659.0
-578.0
-632.0
-596.0
-596.0
-551.0
-569.0
-479.0
-542.0
-623.0
-668.0
-551.0
-542.0
-560.0
-596.0
-596.0
-470.0
-605.0
-587.0
-533.0
-614.0
-488.0
-524.0
-524.0
-659.0
-434.0
-605.0
-632.0
-551.0
-614.0
-459.0
-515.0
-488.0
-614.0
-506.0
-461.0
-569.0
-589.0
-560.0
-569.0
-650.0
-515.0
-605.0
-145.0
-524.0
-578.0
-452.0
-533.0
-569.0
-551.0
-524.0
-596.0
-506.0
-542.0
-587.0
-569.0
-443.0
-515.0
-488.0
-587.0
-587.0
-587.0
-569.0
-551.0
-240.0
-497.0
-515.0
-551.0
-587.0
-551.0
-560.0
-560.0
-542.0
-499.0
-416.0
-224.0
-587.0
-425.0
-560.0
-515.0
-542.0
-461.0
-389.0
-623.0
-587.0
-461.0
-524.0
-470.0
-506.0
-569.0
-587.0
-506.0
-551.0
-479.0
-488.0
-623.0
-488.0
-524.0
-533.0
-506.0
-185.0
-479.0
-533.0
-596.0
-551.0
-542.0
-443.0
-488.0
-605.0
-515.0
-488.0
-515.0
-515.0
-515.0
-515.0
-614.0
-470.0
-237.0
-533.0
-515.0
-506.0
-479.0
-560.0
-533.0
-605.0
-434.0
-470.0
-497.0
-560.0
-244.0
-479.0
-434.0
-533.0
-524.0
-398.0
-569.0
-434.0
-497.0
-569.0
-425.0
-659.0
-488.0
-506.0
-380.0
-506.0
-506.0
-515.0
-506.0
-470.0
-497.0
-578.0
-578.0
-443.0
-533.0
-452.0
-371.0
-533.0
-425.0
-515.0
-434.0
-416.0
-407.0
-506.0
-434.0
-506.0
-497.0
-434.0
-470.0
-506.0
-488.0
-479.0
-488.0
-434.0
-380.0
-129.0
-425.0
-416.0
-452.0
-263.0
-443.0
-315.0
-470.0
-52.0
-371.0
-452.0
-425.0
-542.0
-533.0
-407.0
-148.0
-515.0
-443.0
-416.0
-371.0
-425.0
-515.0
-380.0
-506.0
-389.0
-506.0
-8.0
-389.0
-461.0
-335.0
-479.0
-362.0
-524.0
-155.0
-470.0
-515.0
-188.0
-515.0
-389.0
-461.0
-515.0
-524.0
-515.0
-443.0
-416.0
-416.0
-479.0
-398.0
-389.0
-380.0
-452.0
-506.0
-443.0
-443.0
-443.0
-353.0
-335.0
-461.0
-389.0
-461.0
-461.0
-280.0
-344.0
-308.0
-488.0
-443.0
-380.0
-443.0
-434.0
-344.0
-380.0
-147.0
-362.0
-452.0
-272.0
-416.0
-452.0
-443.0
-479.0
-497.0
-335.0
-425.0
-389.0
-326.0
-335.0
-452.0
-434.0
-425.0
-328.0
-425.0
-344.0
-326.0
-344.0
-308.0
-398.0
-344.0
-389.0
-371.0
-81.0
-323.0
-371.0
-461.0
-425.0
-274.0
-199.0
-452.0
-380.0
-389.0
-488.0
-271.0
-380.0
-452.0
-9.0
-452.0
-380.0
4.0
-308.0
-326.0
-434.0
-335.0
-416.0
-362.0
-167.0
-353.0
11.0
-290.0
-425.0
-416.0
-380.0
-301.0
-344.0
-180.0
-22.0
-398.0
-80.0
-398.0
-335.0
-272.0
-407.0
-188.0
-479.0
-380.0
-371.0
-380.0
-371.0
-371.0
-326.0
-434.0
-341.0
-64.0
-335.0
-299.0
-362.0
-416.0
-389.0
-371.0
-452.0
-434.0
-398.0
-353.0
-411.0
-398.0
-398.0
-362.0
-28.0
-371.0
-452.0
-407.0
-165.0
-374.0
-326.0
-273.0
-177.0
-297.0
-127.0
-77.0
-299.0
-172.0
-416.0
-380.0
-115.0
-38.0
-425.0
-81.0
-25.0
-11.0
-353.0
-380.0
-371.0
-389.0
-344.0
-344.0
-41.0
-115.0
-47.0
-362.0
-353.0
-49.0
-407.0
-299.0
-434.0
-407.0
-380.0
-79.0
-317.0
-407.0
-407.0
-56.0
-362.0
-186.0
-200.0
-488.0
-362.0
-67.0
-380.0
-290.0
-299.0
-443.0
-335.0
-224.0
-416.0
-326.0
-407.0
-49.0
-380.0
-83.0
-308.0
-88.0
-380.0
-120.0
-15.0
-304.0
-371.0
-353.0
-398.0
-263.0
-353.0
-256.0
-398.0
-371.0
-28.0
-8.0
-29.0
-317.0
-317.0
-306.0
-299.0
-126.0
-353.0
-10.0
-144.0
1.0
-136.0
-89.0
-25.0
-92.0
-177.0
-371.0
-148.0
-26.0
-416.0
-285.0
-335.0
-292.0
-8.0
5.0
-2.0
-416.0
-344.0
-86.0
-214.0
-326.0
-335.0
-344.0
-47.0
-102.0
0.0
-86.0
-216.0
-38.0
-371.0
-371.0
-107.0
-308.0
-335.0
-134.0
-299.0
-278.0
-195.0
-176.0
-236.0
-353.0
-287.0
-271.0
-45.0
-68.0
-279.0
-326.0
-41.0
-66.0
0.0
6.0
-344.0
-102.0
-25.0
-104.0
-99.0
-239.0
-294.0
-1.0
-142.0
-380.0
-162.0
-290.0
-106.0
-49.0
-281.0
-96.0
-299.0
-3.0
-389.0
-308.0
11.0
-326.0
-188.0
-197.0
-15.0
-326.0
-4.0
-67.0
-80.0
-89.0
-136.0
-17.0
-4.0
-4.0
5.0
-335.0
-326.0
-22.0
-290.0
-281.0
-98.0
-79.0
-326.0
-87.0
-111.0
-308.0
-19.0
-17.0
-362.0
-90.0
-15.0
10.0
-42.0
-144.0
12.0
-182.0
-344.0
-22.0
-299.0
5.0
-353.0
-47.0
-236.0
-380.0
-117.0
-227.0
-55.0
-118.0
-308.0
-71.0
-6.0
-15.0
-326.0
-344.0
-1.0
-10.0
-228.0
-308.0
-308.0
-317.0
-2.0
-362.0
-335.0
-71.0
4.0
-21.0
-407.0
-15.0
-19.0
-344.0
-4.0
-272.0
-100.0
10.0
-10.0
4.0
-68.0
-99.0
-344.0
-86.0
12.0
-8.0
-19.0
-344.0
-335.0
-3.0
-326.0
-60.0
-15.0
-4.0
-380.0
-3.0
-18.0
-299.0
-113.0
-63.0
-157.0
-353.0
-125.0
-43.0
-35.0
-46.0
-299.0
-183.0
-25.0
-36.0
-389.0
9.0
-2.0
8.0
-299.0
4.0
-49.0
-95.0
-308.0
-308.0
-50.0
-12.0
8.0
-308.0
-38.0
-241.0
-194.0
13.0
13.0
-6.0
-272.0
-353.0
-120.0
-353.0
-79.0
-317.0
3.0
4.0
-121.0
-108.0
-32.0
-16.0
-114.0
-299.0
-72.0
-272.0
-299.0
-299.0
-58.0
-1.0
-5.0
-2.0
-2.0
-10.0
-13.0
-1.0
-308.0
-234.0
-335.0
-13.0
-245.0
-8.0
-287.0
-125.0
-4.0
-308.0
-44.0
-61.0
-29.0
-263.0
-36.0
-317.0
-281.0
-24.0
-317.0
11.0
-9.0
-17.0
-8.0
-326.0
-194.0
13.0
9.0
11.0
-37.0
5.0
-353.0
-214.0
-14.0
-6.0
-2.0
-41.0
-112.0
-26.0
-4.0
-80.0
-281.0
-41.0
-14.0
8.0
-213.0
-207.0
-40.0
-254.0
-177.0
8.0
15.0
-5.0
5.0
-8.0
-281.0
-299.0
-44.0
-34.0
-272.0
-35.0
0.0
-7.0
-290.0
-76.0
-37.0
-34.0
-222.0
-17.0
-12.0
2.0
-37.0
-281.0
0.0
-42.0
-77.0
-281.0
-18.0
-299.0
-2.0
-131.0
-51.0
-308.0
-71.0
-254.0
-128.0
-1.0
-317.0
4.0
-192.0
-290.0
-6.0
-12.0
-281.0
-28.0
10.0
-63.0
-5.0
-272.0
-183.0
-290.0
-245.0
-35.0
-9.0
-109.0
-299.0
-28.0
-263.0
-65.0
-13.0
-112.0
-62.0
-207.0
-1.0
-254.0
-19.0
-245.0
-176.0
9.0
-119.0
-224.0
-299.0
-79.0
-308.0
-168.0
-353.0
-39.0
3.0
-77.0
-5.0
-218.0
-107.0
-263.0
-1.0
10.0
-236.0
-254.0
-317.0
-194.0
5.0
-29.0
10.0
-272.0
-93.0
6.0
-254.0
-14.0
8.0
-91.0
-77.0
-13.0
-43.0
-263.0
-308.0
12.0
8.0
-245.0
6.0
-16.0
-84.0
-272.0
-263.0
-31.0
7.0
-254.0
-245.0
-52.0
-203.0
-41.0
-35.0
3.0
-51.0
10.0
11.0
-317.0
-254.0
-4.0
-245.0
-13.0
2.0
-108.0
-64.0
-17.0
-28.0
-299.0
-6.0
-3.0
-8.0
4.0
13.0
10.0
1.0
-272.0
1.0
-290.0
5.0
-2.0
-198.0
5.0
-2.0
-5.0
-57.0
-59.0
-11.0
-56.0
-32.0
-281.0
-70.0
-254.0
4.0
13.0
-180.0
5.0
5.0
-290.0
-69.0
-281.0
1.0
-17.0
-245.0
-272.0
10.0
-8.0
5.0
10.0
9.0
-134.0
-3.0
-236.0
2.0
-119.0
-281.0
-85.0
2.0
-227.0
-254.0
-32.0
8.0
-207.0
-14.0
-254.0
-236.0
7.0
-15.0
-169.0
-54.0
-16.0
-272.0
-65.0
-5.0
5.0
-263.0
-15.0
9.0
5.0
-2.0
-6.0
8.0
-4.0
-50.0
-2.0
-126.0
-1.0
11.0
-16.0
1.0
-233.0
-149.0
-4.0
-254.0
-29.0
7.0
-17.0
6.0
-17.0
-57.0
-62.0
-236.0
-100.0
-227.0
-196.0
4.0
-5.0
1.0
-51.0
4.0
-14.0
-13.0
2.0
5.0
-81.0
9.0
6.0
1.0
-2.0
-10.0
-98.0
-111.0
0.0
-5.0
9.0
-15.0
-141.0
-281.0
-192.0
-143.0
-17.0
-15.0
-75.0
10.0
-114.0
8.0
-272.0
3.0
0.0
4.0
-254.0
-5.0
-11.0
-254.0
-11.0
7.0
11.0
-168.0
8.0
15.0
-16.0
-8.0
-13.0
9.0
-24.0
-3.0
9.0
-136.0
-254.0
-18.0
-245.0
-9.0
-147.0
8.0
-36.0
-32.0
-215.0
-169.0
5.0
-245.0
-145.0
-69.0
-84.0
11.0
-245.0
10.0
-12.0
4.0
-1.0
-92.0
-29.0
2.0
-14.0
-14.0
-77.0
-245.0
-254.0
-2.0
3.0
-102.0
-122.0
-135.0
11.0
-13.0
-51.0
-9.0
-227.0
-6.0
-272.0
-30.0
-272.0
3.0
13.0
6.0
-254.0
-308.0
1.0
-263.0
-263.0
-22.0
6.0
-34.0
-50.0
-27.0
-152.0
2.0
10.0
-2.0
-69.0
-2.0
14.0
-191.0
9.0
-2.0
-263.0
-13.0
-5.0
-126.0
-37.0
-218.0
-272.0
-12.0
-135.0
-4.0
10.0
-6.0
-3.0
-13.0
-64.0
-2.0
5.0
4.0
-281.0
1.0
-14.0
7.0
-263.0
-38.0
-218.0
-245.0
-92.0
5.0
15.0
13.0
-69.0
-236.0
-49.0
-151.0
4.0
-191.0
-195.0
-5.0
8.0
-130.0
4.0
-3.0
-11.0
5.0
-19.0
-26.0
-15.0
-15.0
-112.0
-59.0
-24.0
-128.0
5.0
8.0
-23.0
-4.0
7.0
-96.0
-254.0
3.0
-44.0
-3.0
9.0
-120.0
-43.0
3.0
5.0
-44.0
5.0
-100.0
-16.0
-16.0
-245.0
-236.0
11.0
7.0
-41.0
9.0
-218.0
11.0
-42.0
-6.0
7.0
10.0
10.0
-398.0
-121.0
9.0
-27.0
6.0
9.0
-1.0
5.0
6.0
11.0
3.0
8.0
-254.0
4.0
0.0
-14.0
6.0
-69.0
-272.0
-11.0
-227.0
-7.0
1.0
8.0
-23.0
13.0
6.0
-33.0
8.0
-1.0
-227.0
3.0
-227.0
-173.0
3.0
4.0
5.0
12.0
13.0
-218.0
9.0
11.0
-25.0
1.0
-281.0
3.0
9.0
8.0
10.0
11.0
5.0
-47.0
7.0
14.0
4.0
11.0
-90.0
-192.0
6.0
4.0
-65.0
0.0
14.0
14.0
2.0
-5.0
11.0
-319.0
-272.0
6.0
11.0
0.0
-10.0
-93.0
-263.0
7.0
8.0
-5.0
-172.0
-5.0
12.0
11.0
12.0
-78.0
5.0
13.0
-245.0
-55.0
-218.0
13.0
-12.0
-116.0
-154.0
-29.0
-245.0
11.0
-98.0
-2.0
-160.0
12.0
10.0
-179.0
6.0
-245.0
9.0
-236.0
-106.0
0.0
-218.0
15.0
-236.0
-185.0
9.0
8.0
-3.0
-6.0
-147.0
-218.0
7.0
8.0
8.0
-209.0
11.0
1.0
-2.0
11.0
-74.0
8.0
-140.0
-179.0
11.0
15.0
-209.0
-218.0
2.0
5.0
-26.0
8.0
-245.0
9.0
-236.0
-64.0
-140.0
-92.0
-170.0
-236.0
-57.0
12.0
8.0
7.0
3.0
-118.0
-227.0
4.0
-6.0
5.0
-50.0
8.0
-9.0
-227.0
-37.0
8.0
11.0
5.0
-1.0
-136.0
7.0
-160.0
-5.0
-227.0
-52.0
1.0
-14.0
8.0
11.0
-236.0
0.0
9.0
5.0
-4.0
7.0
-9.0
-3.0
12.0
13.0
-218.0
-45.0
-60.0
7.0
7.0
7.0
8.0
-11.0
3.0
6.0
-227.0
0.0
-209.0
12.0
-236.0
-227.0
-209.0
-3.0
-82.0
-209.0
10.0
-1.0
11.0
-108.0
-15.0
-81.0
-6.0
10.0
-254.0
-3.0
7.0
4.0
-10.0
7.0
-218.0
10.0
5.0
-38.0
0.0
-19.0
-218.0
-9.0
7.0
-1.0
6.0
-25.0
5.0
-38.0
-2.0
-107.0
4.0
8.0
9.0
-205.0
-52.0
9.0
0.0
-74.0
0.0
6.0
0.0
-5.0
4.0
-180.0
1.0
7.0
3.0
14.0
7.0
12.0
5.0
11.0
0.0
-148.0
-8.0
-227.0
7.0
-52.0
-10.0
8.0
-90.0
6.0
13.0
-3.0
9.0
12.0
9.0
-227.0
13.0
-19.0
2.0
10.0
9.0
-7.0
-209.0
-15.0
-133.0
-110.0
7.0
4.0
-209.0
-28.0
-8.0
-4.0
-8.0
-45.0
-8.0
3.0
-74.0
4.0
9.0
0.0
7.0
1.0
-3.0
-168.0
-218.0
8.0
-218.0
11.0
-79.0
-3.0
-6.0
6.0
-26.0
7.0
11.0
7.0
-3.0
-71.0
10.0
-4.0
7.0
-6.0
6.0
-200.0
5.0
12.0
14.0
7.0
11.0
-174.0
-13.0
10.0
6.0
3.0
-37.0
-1.0
-28.0
5.0
-173.0
11.0
8.0
-31.0
-39.0
5.0
-13.0
-63.0
11.0
-16.0
8.0
6.0
4.0
8.0
6.0
8.0
7.0
-7.0
-48.0
5.0
-155.0
-9.0
-103.0
7.0
1.0
-6.0
8.0
11.0
5.0
10.0
4.0
8.0
6.0
9.0
7.0
-28.0
6.0
7.0
1.0
-27.0
4.0
13.0
-20.0
10.0
7.0
-99.0
-12.0
6.0
-2.0
8.0
9.0
10.0
8.0
6.0
8.0
7.0
13.0
6.0
7.0
12.0
10.0
9.0
5.0
-4.0
-7.0
5.0
8.0
-3.0
4.0
7.0
9.0
9.0
-236.0
-62.0
5.0
7.0
-9.0
5.0
-1.0
-227.0
-4.0
7.0
9.0
3.0
-5.0
-6.0
9.0
10.0
-3.0
9.0
-209.0
7.0
3.0
13.0
6.0
3.0
6.0
-9.0
-27.0
-17.0
4.0
-142.0
11.0
7.0
14.0
-2.0
5.0
10.0
8.0
7.0
8.0
10.0
-71.0
5.0
6.0
4.0
9.0
9.0
7.0
8.0
6.0
-209.0
9.0
-4.0
6.0
-138.0
-16.0
14.0
6.0
-29.0
-67.0
2.0
-49.0
2.0
-23.0
-65.0
8.0
3.0
7.0
8.0
9.0
-209.0
-21.0
14.0
-107.0
2.0
-16.0
7.0
11.0
-115.0
4.0
7.0
-32.0
-19.0
10.0
7.0
4.0
10.0
11.0
3.0
6.0
-16.0
7.0
4.0
12.0
10.0
3.0
-8.0
12.0
5.0
-2.0
6.0
8.0
5.0
8.0
10.0
10.0
10.0
8.0
7.0
-11.0
-140.0
5.0
11.0
4.0
8.0
4.0
6.0
-254.0
11.0
8.0
10.0
9.0
8.0
3.0
7.0
9.0
6.0
-84.0
10.0
9.0
7.0
-3.0
6.0
8.0
9.0
10.0
3.0
9.0
6.0
12.0
6.0
3.0
4.0
8.0
4.0
4.0
10.0
6.0
12.0
5.0
11.0
6.0
8.0
8.0
-25.0
6.0
7.0
7.0
7.0
9.0
12.0
10.0
9.0
9.0
-4.0
5.0
10.0
5.0
10.0
9.0
11.0
9.0
3.0
-17.0
9.0
2.0
7.0
8.0
15.0
6.0
3.0
8.0
12.0
1.0
-9.0
12.0
13.0
4.0
5.0
4.0
7.0
5.0
3.0
-1.0
4.0
-88.0
-19.0
5.0
8.0
7.0
-58.0
-8.0
11.0
7.0
11.0
8.0
9.0
2.0
10.0
9.0
4.0
5.0
-78.0
11.0
8.0
0.0
10.0
0.0
12.0
8.0
7.0
8.0
9.0
11.0
8.0
11.0
9.0
-16.0
9.0
9.0
3.0
7.0
9.0
9.0
7.0
4.0
7.0
7.0
2.0
-200.0
9.0
10.0
7.0
10.0
9.0
7.0
-6.0
6.0
11.0
8.0
5.0
9.0
5.0
9.0
6.0
8.0
7.0
7.0
14.0
8.0
9.0
11.0
6.0
8.0
11.0
9.0
9.0
9.0
12.0
11.0
11.0
10.0
9.0
11.0
15.0
3.0
5.0
4.0
11.0
-218.0
12.0
9.0
7.0
11.0
10.0
7.0
10.0
5.0
7.0
3.0
7.0
7.0
14.0
7.0
13.0
7.0
13.0
7.0
1.0
5.0
-1.0
4.0
9.0
6.0
7.0
1.0
10.0
4.0
1.0
9.0
-113.0
12.0
5.0
-60.0
9.0
-67.0
-3.0
12.0
9.0
8.0
-45.0
-54.0
7.0
-2.0
-18.0
8.0
2.0
7.0
7.0
10.0
14.0
9.0
1.0
8.0
13.0
3.0
9.0
6.0
10.0
9.0
8.0
5.0
6.0
10.0
-150.0
5.0
14.0
3.0
2.0
-1.0
9.0
-10.0
6.0
-5.0
9.0
7.0
10.0
-4.0
6.0
5.0
-3.0
4.0
8.0
6.0
10.0
4.0
-22.0
11.0
9.0
-49.0
11.0
9.0
9.0
11.0
7.0
-6.0
12.0
11.0
13.0
-1.0
-128.0
11.0
-209.0
10.0
7.0
2.0
9.0
9.0
9.0
12.0
3.0
14.0
5.0
7.0
4.0
8.0
7.0
6.0
9.0
3.0
5.0
4.0
14.0
-3.0
7.0
11.0
9.0
-87.0
-111.0
6.0
6.0
7.0
7.0
6.0
-2.0
6.0
7.0
10.0
-1.0
7.0
9.0
13.0
8.0
8.0
7.0
6.0
5.0
3.0
8.0
10.0
6.0
8.0
-10.0
9.0
8.0
11.0
3.0
9.0
4.0
8.0
13.0
5.0
11.0
9.0
8.0
-11.0
13.0
-51.0
11.0
6.0
-78.0
5.0
10.0
8.0
9.0
5.0
8.0
15.0
2.0
0.0
10.0
10.0
7.0
9.0
8.0
10.0
8.0
-63.0
7.0
11.0
6.0
8.0
9.0
4.0
12.0
0.0
8.0
12.0
7.0
11.0
12.0
8.0
9.0
9.0
10.0
7.0
10.0
11.0
11.0
9.0
8.0
-2.0
6.0
8.0
9.0
9.0
7.0
8.0
4.0
10.0
4.0
6.0
5.0
11.0
10.0
10.0
10.0
10.0
12.0
6.0
2.0
10.0
10.0
7.0
5.0
8.0
2.0
5.0
11.0
8.0
10.0
7.0
8.0
4.0
6.0
12.0
6.0
9.0
11.0
5.0
9.0
7.0
9.0
7.0
6.0
10.0
8.0
6.0
3.0
10.0
7.0
7.0
10.0
11.0
7.0
8.0
8.0
11.0
11.0
7.0
-6.0
6.0
8.0
7.0
6.0
-2.0
7.0
9.0
11.0
0.0
7.0
7.0
10.0
0.0
1.0
8.0
3.0
15.0
6.0
8.0
6.0
11.0
13.0
6.0
6.0
-4.0
9.0
6.0
11.0
-151.0
9.0
7.0
8.0
-4.0
7.0
9.0
6.0
10.0
8.0
9.0
-37.0
9.0
10.0
8.0
9.0
7.0
2.0
4.0
11.0
8.0
11.0
9.0
1.0
3.0
6.0
5.0
9.0
7.0
4.0
2.0
3.0
13.0
5.0
10.0
10.0
13.0
8.0
8.0
9.0
5.0
3.0
8.0
11.0
12.0
15.0
7.0
-7.0
6.0
9.0
6.0
8.0
1.0
6.0
8.0
7.0
-28.0
14.0
5.0
9.0
13.0
7.0
6.0
-30.0
2.0
7.0
8.0
5.0
5.0
11.0
8.0
9.0
9.0
9.0
3.0
10.0
13.0
7.0
11.0
9.0
8.0
11.0
8.0
6.0
3.0
8.0
7.0
9.0
1.0
3.0
9.0
5.0
7.0
-200.0
9.0
-209.0
10.0
8.0
-105.0
15.0
9.0
7.0
5.0
-3.0
6.0
-46.0
-46.0
4.0
8.0
6.0
9.0
4.0
9.0
5.0
12.0
7.0
8.0
3.0
-147.0
11.0
10.0
8.0
5.0
13.0
-209.0
7.0
5.0
-88.0
7.0
13.0
-200.0
7.0
-7.0
11.0
-37.0
13.0
5.0
13.0
12.0
8.0
7.0
11.0
7.0
7.0
10.0
5.0
9.0
9.0
9.0
11.0
4.0
7.0
8.0
-5.0
8.0
9.0
5.0
12.0
13.0
6.0
11.0
9.0
10.0
10.0
11.0
6.0
5.0
10.0
9.0
12.0
7.0
-59.0
8.0
7.0
7.0
1.0
4.0
6.0
11.0
8.0
7.0
8.0
5.0
7.0
10.0
10.0
13.0
10.0
5.0
5.0
8.0
5.0
5.0
10.0
-200.0
6.0
-9.0
10.0
9.0
-200.0
9.0
5.0
3.0
10.0
9.0
7.0
3.0
8.0
9.0
9.0
10.0
9.0
8.0
0.0
7.0
10.0
4.0
0.0
2.0
5.0
10.0
8.0
3.0
13.0
7.0
6.0
7.0
6.0
6.0
4.0
1.0
8.0
11.0
7.0
11.0
6.0
10.0
9.0
8.0
8.0
7.0
6.0
13.0
7.0
5.0
4.0
5.0
15.0
9.0
12.0
7.0
5.0
7.0
12.0
4.0
4.0
13.0
9.0
5.0
6.0
15.0
5.0
10.0
-5.0
4.0
10.0
7.0
7.0
5.0
9.0
6.0
13.0
9.0
4.0
6.0
8.0
5.0
-49.0
8.0
4.0
4.0
5.0
8.0
7.0
11.0
7.0
14.0
8.0
10.0
10.0
9.0
5.0
8.0
5.0
11.0
9.0
8.0
9.0
4.0
9.0
8.0
4.0
11.0
7.0
10.0
-200.0
12.0
10.0
10.0
8.0
7.0
10.0
9.0
-1.0
8.0
11.0
14.0
6.0
9.0
8.0
10.0
7.0
9.0
1.0
4.0
8.0
6.0
8.0
10.0
12.0
7.0
-4.0
9.0
2.0
9.0
6.0
12.0
7.0
14.0
9.0
8.0
6.0
10.0
9.0
4.0
9.0
11.0
4.0
9.0
10.0
5.0
4.0
8.0
7.0
14.0
10.0
11.0
5.0
3.0
11.0
5.0
8.0
10.0
13.0
6.0
11.0
11.0
6.0
12.0
7.0
7.0
4.0
-6.0
5.0
9.0
4.0
11.0
11.0
10.0
7.0
14.0
5.0
6.0
5.0
9.0
9.0
6.0
14.0
11.0
6.0
7.0
5.0
5.0
6.0
14.0
10.0
-179.0
10.0
9.0
7.0
7.0
8.0
11.0
4.0
10.0
-1.0
5.0
6.0
12.0
9.0
12.0
9.0
8.0
5.0
10.0
0.0
6.0
13.0
11.0
10.0
8.0
8.0
7.0
14.0
8.0
7.0
3.0
8.0
5.0
11.0
7.0
4.0
7.0
6.0
9.0
3.0
10.0
12.0
7.0
8.0
13.0
5.0
7.0
8.0
8.0
6.0
7.0
6.0
8.0
8.0
9.0
13.0
8.0
8.0
12.0
7.0
8.0
10.0
8.0
14.0
9.0
5.0
7.0
6.0
9.0
12.0
1.0
7.0
7.0
9.0
9.0
7.0
0.0
10.0
7.0
12.0
6.0
8.0
4.0
6.0
10.0
-168.0
4.0
15.0
5.0
7.0
8.0
8.0
10.0
11.0
8.0
-11.0
6.0
6.0
-1.0
12.0
7.0
7.0
8.0
10.0
0.0
7.0
11.0
9.0
8.0
7.0
6.0
1.0
7.0
11.0
7.0
14.0
14.0
11.0
9.0
6.0
4.0
9.0
7.0
7.0
7.0
5.0
7.0
7.0
8.0
10.0
12.0
7.0
9.0
3.0
12.0
9.0
5.0
6.0
0.0
10.0
10.0
6.0
10.0
8.0
4.0
9.0
7.0
7.0
4.0
-4.0
8.0
7.0
7.0
12.0
9.0
11.0
6.0
6.0
5.0
3.0
4.0
9.0
8.0
7.0
9.0
10.0
-3.0
2.0
5.0
3.0
8.0
5.0
-1.0
6.0
7.0
7.0
5.0
5.0
4.0
1.0
8.0
8.0
9.0
11.0
11.0
7.0
8.0
7.0
6.0
8.0
7.0
9.0
9.0
5.0
10.0
4.0
11.0
8.0
13.0
9.0
6.0
10.0
5.0
9.0
8.0
8.0
8.0
8.0
7.0
4.0
7.0
8.0
3.0
9.0
10.0
5.0
7.0
0.0
10.0
10.0
8.0
6.0
4.0
10.0
9.0
15.0
4.0
4.0
7.0
1.0
10.0
7.0
5.0
4.0
7.0
6.0
4.0
10.0
5.0
6.0
12.0
9.0
-1.0
9.0
7.0
6.0
0.0
9.0
5.0
7.0
4.0
8.0
6.0
11.0
8.0
3.0
7.0
4.0
11.0
6.0
9.0
9.0
5.0
5.0
9.0
12.0
12.0
7.0
9.0
-48.0
6.0
8.0
9.0
8.0
12.0
0.0
8.0
9.0
6.0
8.0
11.0
11.0
5.0
4.0
2.0
10.0
6.0
10.0
7.0
4.0
8.0
8.0
8.0
10.0
6.0
6.0
8.0
10.0
7.0
8.0
5.0
6.0
8.0
12.0
5.0
5.0
-5.0
9.0
10.0
9.0
6.0
9.0
8.0
8.0
9.0
4.0
12.0
7.0
5.0
8.0
7.0
8.0
9.0
5.0
7.0
9.0
6.0
8.0
3.0
4.0
9.0
12.0
10.0
14.0
-209.0
5.0
5.0
10.0
7.0
5.0
13.0
8.0
10.0
6.0
13.0
8.0
11.0
9.0
9.0
-3.0
6.0
-80.0
5.0
7.0
10.0
10.0
11.0
6.0
7.0
4.0
9.0
-35.0
8.0
7.0
1.0
8.0
6.0
11.0
7.0
12.0
12.0
5.0
10.0
4.0
7.0
8.0
4.0
8.0
8.0
15.0
10.0
1.0
9.0
5.0
8.0
11.0
6.0
9.0
9.0
5.0
10.0
11.0
15.0
8.0
9.0
9.0
7.0
3.0
10.0
7.0
9.0
5.0
12.0
10.0
-5.0
9.0
13.0
6.0
8.0
5.0
8.0
7.0
5.0
9.0
6.0
8.0
10.0
14.0
5.0
6.0
9.0
-89.0
11.0
4.0
2.0
7.0
10.0
9.0
6.0
8.0
9.0
11.0
-6.0
7.0
10.0
9.0
5.0
6.0
8.0
11.0
3.0
10.0
6.0
7.0
7.0
5.0
9.0
8.0
5.0
9.0
6.0
4.0
8.0
9.0
7.0
11.0
8.0
8.0
10.0
8.0
4.0
7.0
8.0
6.0
5.0
9.0
10.0
15.0
4.0
5.0
3.0
9.0
10.0
8.0
9.0
10.0
8.0
6.0
10.0
6.0
13.0
6.0
11.0
9.0
7.0
6.0
7.0
9.0
12.0
7.0
10.0
7.0
8.0
10.0
10.0
6.0
6.0
11.0
10.0
9.0
6.0
9.0
7.0
14.0
4.0
9.0
13.0
10.0
9.0
9.0
11.0
7.0
4.0
5.0
9.0
3.0
14.0
7.0
6.0
13.0
6.0
8.0
8.0
12.0
11.0
-200.0
8.0
4.0
5.0
9.0
-12.0
10.0
6.0
12.0
10.0
11.0
10.0
7.0
11.0
11.0
11.0
4.0
4.0
7.0
8.0
3.0
12.0
6.0
7.0
9.0
8.0
10.0
10.0
5.0
7.0
10.0
8.0
7.0
12.0
7.0
11.0
7.0
10.0
8.0
-3.0
8.0
7.0
11.0
10.0
5.0
6.0
-12.0
9.0
8.0
4.0
8.0
9.0
11.0
11.0
12.0
9.0
7.0
11.0
10.0
11.0
7.0
11.0
6.0
11.0
4.0
9.0
8.0
8.0
4.0
10.0
4.0
12.0
6.0
6.0
9.0
8.0
11.0
5.0
7.0
7.0
8.0
1.0
8.0
8.0
6.0
11.0
4.0
10.0
8.0
8.0
9.0
11.0
9.0
6.0
12.0
8.0
14.0
7.0
8.0
7.0
7.0
4.0
10.0
8.0
4.0
7.0
9.0
8.0
11.0
11.0
7.0
6.0
13.0
11.0
6.0
9.0
3.0
10.0
7.0
4.0
12.0
7.0
10.0
9.0
-9.0
4.0
10.0
6.0
4.0
6.0
10.0
9.0
6.0
9.0
11.0
8.0
10.0
11.0
5.0
10.0
7.0
7.0
9.0
7.0
7.0
3.0
12.0
10.0
9.0
4.0
9.0
11.0
3.0
6.0
9.0
10.0
7.0
12.0
5.0
7.0
11.0
8.0
7.0
4.0
7.0
7.0
9.0
8.0
5.0
5.0
8.0
8.0
6.0
8.0
8.0
5.0
13.0
7.0
-37.0
7.0
10.0
7.0
2.0
5.0
12.0
5.0
6.0
8.0
6.0
14.0
8.0
5.0
7.0
5.0
9.0
3.0
9.0
5.0
8.0
9.0
14.0
5.0
12.0
9.0
6.0
8.0
4.0
9.0
11.0
11.0
10.0
4.0
5.0
8.0
9.0
7.0
5.0
9.0
10.0
8.0
5.0
13.0
9.0
6.0
4.0
6.0
11.0
5.0
6.0
11.0
7.0
14.0
13.0
3.0
11.0
10.0
7.0
5.0
6.0
4.0
6.0
8.0
5.0
9.0
7.0
9.0
11.0
9.0
10.0
-4.0
8.0
8.0
6.0
-41.0
7.0
4.0
4.0
3.0
11.0
8.0
13.0
4.0
7.0
4.0
14.0
4.0
5.0
9.0
11.0
8.0
9.0
5.0
9.0
10.0
6.0
-37.0
5.0
12.0
10.0
9.0
8.0
6.0
7.0
5.0
11.0
11.0
7.0
6.0
4.0
7.0
7.0
8.0
10.0
6.0
11.0
9.0
8.0
9.0
12.0
5.0
10.0
4.0
8.0
14.0
8.0
9.0
8.0
8.0
5.0
7.0
10.0
9.0
5.0
2.0
10.0
3.0
9.0
8.0
10.0
7.0
10.0
12.0
5.0
10.0
7.0
8.0
10.0
-26.0
7.0
11.0
5.0
7.0
8.0
7.0
9.0
7.0
5.0
9.0
9.0
6.0
10.0
11.0
9.0
11.0
8.0
9.0
8.0
3.0
7.0
7.0
7.0
13.0
8.0
7.0
7.0
4.0
-134.0
14.0
5.0
8.0
12.0
4.0
5.0
10.0
8.0
6.0
7.0
10.0
3.0
5.0
8.0
7.0
10.0
7.0
5.0
8.0
3.0
9.0
7.0
9.0
9.0
9.0
8.0
3.0
7.0
9.0
7.0
8.0
9.0
9.0
2.0
3.0
4.0
5.0
3.0
11.0
10.0
8.0
10.0
8.0
8.0
10.0
6.0
8.0
4.0
2.0
12.0
9.0
11.0
11.0
6.0
13.0
10.0
8.0
4.0
9.0
10.0
5.0
9.0
12.0
4.0
10.0
12.0
7.0
11.0
11.0
11.0
5.0
8.0
8.0
8.0
7.0
6.0
8.0
15.0
5.0
8.0
8.0
9.0
4.0
4.0
5.0
6.0
9.0
6.0
9.0
3.0
15.0
6.0
8.0
10.0
12.0
13.0
8.0
8.0
4.0
14.0
8.0
12.0
6.0
6.0
11.0
4.0
5.0
11.0
6.0
9.0
10.0
10.0
7.0
7.0
11.0
6.0
12.0
8.0
9.0
